[ PowerSequence(IntegerRing()) |
\[ -5, 12, -4, -3, 11, -10 ],
\[ -4, 9, -2, -2, 8, -8 ],
\[ -3, 4, 4, -1, 7, -10 ],
\[ -3, 6, 0, -1, 5, -6 ],
\[ -3, 9, -3, -1, 8, -9 ],
\[ -2, 1, 6, 0, 4, -8 ],
\[ -2, 3, 2, 0, 2, -4 ],
\[ -2, 5, -2, 0, 0, 0 ],
\[ -2, 6, -1, 0, 5, -7 ],
\[ -2, 11, -4, 0, 6, -10 ],
\[ -1, 1, 5, 1, 4, -9 ],
\[ -1, 2, 0, -7, 21, -14 ],
\[ -1, 2, 2, 1, 9, -12 ],
\[ -1, 3, 1, 1, 2, -5 ],
\[ -1, 6, -2, 1, 5, -8 ],
\[ 0, -1, 2, -6, 18, -12 ],
\[ 0, -1, 4, 2, 6, -10 ],
\[ 0, 0, 1, 2, 11, -13 ],
\[ 0, 1, 0, 2, 4, -6 ],
\[ 0, 3, 0, 2, 2, -6 ],
\[ 1, -1, 1, -5, 18, -13 ],
\[ 1, -1, 3, 3, 6, -11 ],
\[ 1, 3, -1, 3, 2, -7 ],
\[ 2, 1, 0, -4, 16, -14 ],
\[ 3, -2, 2, -3, 13, -12 ],
\[ 4, -2, 1, -2, 13, -13 ],
\[ 5, -3, 3, -1, 8, -11 ]
]
