use application "polytope";
use vars '$ieqs', '$eqs', '$p';
$ieqs = [
[ 0, 140, 70, 35, 28, 20, 14, 10, 7, 5, 4, 2, 1, 0, 0, 0, 0, 0 ],
[ 0, 35, 70, 35, 7, 5, 14, 10, 7, 5, 1, 2, 1, 0, 0, 0, 0, 0 ],
[ 0, 35, 70, 140, 7, 5, 14, 10, 28, 20, 1, 2, 4, 0, 0, 0, 0, 0 ],
[ 0, 28, 14, 7, 140, 4, 70, 2, 35, 1, 20, 10, 5, 0, 0, 0, 0, 0 ],
[ 0, 20, 10, 5, 4, 140, 2, 70, 1, 35, 28, 14, 7, 0, 0, 0, 0, 0 ],
[ 0, 7, 14, 7, 35, 1, 70, 2, 35, 1, 5, 10, 5, 0, 0, 0, 0, 0 ],
[ 0, 5, 10, 5, 1, 35, 2, 70, 1, 35, 7, 14, 7, 0, 0, 0, 0, 0 ],
[ 0, 7, 14, 28, 35, 1, 70, 2, 140, 4, 5, 10, 20, 0, 0, 0, 0, 0 ],
[ 0, 5, 10, 20, 1, 35, 2, 70, 4, 140, 7, 14, 28, 0, 0, 0, 0, 0 ],
[ 0, 4, 2, 1, 20, 28, 10, 14, 5, 7, 140, 70, 35, 0, 0, 0, 0, 0 ],
[ 0, 1, 2, 1, 5, 7, 10, 14, 5, 7, 35, 70, 35, 0, 0, 0, 0, 0 ],
[ 768, 1, 2, 4, 5, 7, 10, 14, 20, 28, 35, 70, 140, 0, 0, 0, 0, 0 ]
];
$eqs = [
[ -1, 1, 1, 1, 1, 1, 1, 1, 1, 1, 1, 1, 1, 0, 0, 0, 0, 0 ],
[ -1, 0, 1, 2, 0, 0, 1, 1, 2, 2, 0, 1, 2, -2, 0, 0, 0, 0 ],
[ 0, 0, 0, 0, 1, 0, 1, 0, 1, 0, 1, 1, 1, 0, -2, 0, 0, 0 ],
[ 0, 0, 0, 0, 0, 1, 0, 1, 0, 1, 1, 1, 1, 0, 0, -2, 0, 0 ],
[ 0, 1, 2, 4, 5, 7, 10, 14, 20, 28, 35, 70, 140, 0, 0, 0, -24, 0 ],
[ 0, 140, 70, 35, 28, 20, 14, 10, 7, 5, 4, 2, 1, 0, 0, 0, 0, -24 ]
];
$p = new Polytope(INEQUALITIES=>$ieqs, EQUATIONS=>$eqs);
print $p->LATTICE_POINTS;
