use application "polytope";
use vars '$ieqs', '$eqs', '$p';
$ieqs = [
[ 0, 228, 114, 76, 57, 38, 19, 12, 6, 4, 3, 2, 1, 0, 0, 0, 0, 0 ],
[ 0, 57, 114, 19, 57, 38, 19, 3, 6, 1, 3, 2, 1, 0, 0, 0, 0, 0 ],
[ 0, 76, 38, 228, 19, 114, 57, 4, 2, 12, 1, 6, 3, 0, 0, 0, 0, 0 ],
[ 0, 57, 114, 19, 228, 38, 76, 3, 6, 1, 12, 2, 4, 0, 0, 0, 0, 0 ],
[ 0, 19, 38, 57, 19, 114, 57, 1, 2, 3, 1, 6, 3, 0, 0, 0, 0, 0 ],
[ 0, 19, 38, 57, 76, 114, 228, 1, 2, 3, 4, 6, 12, 0, 0, 0, 0, 0 ],
[ 0, 12, 6, 4, 3, 2, 1, 228, 114, 76, 57, 38, 19, 0, 0, 0, 0, 0 ],
[ 0, 3, 6, 1, 3, 2, 1, 57, 114, 19, 57, 38, 19, 0, 0, 0, 0, 0 ],
[ 0, 4, 2, 12, 1, 6, 3, 76, 38, 228, 19, 114, 57, 0, 0, 0, 0, 0 ],
[ 0, 3, 6, 1, 12, 2, 4, 57, 114, 19, 228, 38, 76, 0, 0, 0, 0, 0 ],
[ 0, 1, 2, 3, 1, 6, 3, 19, 38, 57, 19, 114, 57, 0, 0, 0, 0, 0 ],
[ 1272, 1, 2, 3, 4, 6, 12, 19, 38, 57, 76, 114, 228, 0, 0, 0, 0, 0 ]
];
$eqs = [
[ -1, 1, 1, 1, 1, 1, 1, 1, 1, 1, 1, 1, 1, 0, 0, 0, 0, 0 ],
[ -1, 0, 1, 0, 2, 1, 2, 0, 1, 0, 2, 1, 2, -2, 0, 0, 0, 0 ],
[ 0, 0, 0, 1, 0, 1, 1, 0, 0, 1, 0, 1, 1, 0, -2, 0, 0, 0 ],
[ 0, 0, 0, 0, 0, 0, 0, 1, 1, 1, 1, 1, 1, 0, 0, -2, 0, 0 ],
[ 0, 1, 2, 3, 4, 6, 12, 19, 38, 57, 76, 114, 228, 0, 0, 0, -24, 0 ],
[ 0, 228, 114, 76, 57, 38, 19, 12, 6, 4, 3, 2, 1, 0, 0, 0, 0, -24 ]
];
$p = new Polytope(INEQUALITIES=>$ieqs, EQUATIONS=>$eqs);
print $p->LATTICE_POINTS;
