[ PowerSequence(IntegerRing()) |
\[ -7, 16, -4, -1, 7, -10 ],
\[ -5, 13, -5, 1, 4, -7 ],
\[ -4, 9, -2, -2, 8, -8 ],
\[ -4, 10, -3, -2, 13, -13 ],
\[ -3, 6, 0, -5, 17, -14 ],
\[ -3, 8, -2, 3, 3, -8 ],
\[ -2, 1, 6, 0, 4, -8 ],
\[ -2, 3, 2, 0, 2, -4 ],
\[ -2, 4, 1, 0, 7, -9 ],
\[ -2, 5, -2, 0, 0, 0 ],
\[ -2, 6, 1, 0, 5, -9 ],
\[ -2, 8, -3, 0, 3, -5 ],
\[ -2, 11, -4, 0, 6, -10 ],
\[ -1, 0, 4, -3, 11, -10 ],
\[ -1, 2, 0, -3, 9, -6 ],
\[ -1, 3, -1, -3, 14, -11 ],
\[ -1, 3, 1, 5, 2, -9 ],
\[ -1, 5, -1, -3, 12, -11 ],
\[ 0, -1, 2, -6, 18, -12 ],
\[ 0, -1, 4, 2, 6, -10 ],
\[ 0, 0, 1, -6, 23, -17 ],
\[ 0, 1, 0, 2, 4, -6 ],
\[ 0, 3, 0, 2, 2, -6 ],
\[ 0, 4, -1, 2, 7, -11 ],
\[ 1, -3, 7, -1, 8, -11 ],
\[ 1, -1, 3, -1, 6, -7 ],
\[ 1, 0, 2, -1, 11, -12 ],
\[ 1, 4, -2, -1, 7, -8 ],
\[ 2, 1, 0, -4, 16, -14 ],
\[ 3, -1, 1, 1, 6, -9 ],
\[ 3, 1, 1, 1, 4, -9 ]
]
