use application "polytope";
use vars '$ieqs', '$eqs', '$p';
$ieqs = [
[ 0, 124, 62, 31, 4, 2, 1, 0, 0, 0, 0 ],
[ 0, 31, 62, 31, 1, 2, 1, 0, 0, 0, 0 ],
[ 0, 31, 62, 124, 1, 2, 4, 0, 0, 0, 0 ],
[ 0, 4, 2, 1, 124, 62, 31, 0, 0, 0, 0 ],
[ 0, 1, 2, 1, 31, 62, 31, 0, 0, 0, 0 ],
[ 888, 1, 2, 4, 31, 62, 124, 0, 0, 0, 0 ]
];
$eqs = [
[ -1, 1, 1, 1, 1, 1, 1, 0, 0, 0, 0 ],
[ -1, 0, 1, 2, 0, 1, 2, -2, 0, 0, 0 ],
[ 0, 0, 0, 0, 1, 1, 1, 0, -2, 0, 0 ],
[ 0, 1, 2, 4, 31, 62, 124, 0, 0, -24, 0 ],
[ 0, 124, 62, 31, 4, 2, 1, 0, 0, 0, -24 ]
];
$p = new Polytope(INEQUALITIES=>$ieqs, EQUATIONS=>$eqs);
print $p->LATTICE_POINTS;
