use application "polytope";
use vars '$ieqs', '$eqs', '$p';
$ieqs = [
[ 0, 164, 82, 41, 4, 2, 1, 0, 0, 0, 0 ],
[ 0, 41, 82, 41, 1, 2, 1, 0, 0, 0, 0 ],
[ 0, 41, 82, 164, 1, 2, 4, 0, 0, 0, 0 ],
[ 0, 4, 2, 1, 164, 82, 41, 0, 0, 0, 0 ],
[ 0, 1, 2, 1, 41, 82, 41, 0, 0, 0, 0 ],
[ 1176, 1, 2, 4, 41, 82, 164, 0, 0, 0, 0 ]
];
$eqs = [
[ -1, 1, 1, 1, 1, 1, 1, 0, 0, 0, 0 ],
[ -1, 0, 1, 2, 0, 1, 2, -2, 0, 0, 0 ],
[ 0, 0, 0, 0, 1, 1, 1, 0, -2, 0, 0 ],
[ 0, 1, 2, 4, 41, 82, 164, 0, 0, -24, 0 ],
[ 0, 164, 82, 41, 4, 2, 1, 0, 0, 0, -24 ]
];
$p = new Polytope(INEQUALITIES=>$ieqs, EQUATIONS=>$eqs);
print $p->LATTICE_POINTS;
