[ PowerSequence(IntegerRing()) |
\[ -10, 23, -6, 0, 6, -12 ],
\[ -9, 20, -4, -1, 9, -14 ],
\[ -9, 22, -8, -1, 7, -10 ],
\[ -8, 19, -6, -2, 10, -12 ],
\[ -7, 16, -4, -3, 13, -14 ],
\[ -6, 13, -2, -4, 16, -16 ],
\[ -5, 10, 0, -5, 19, -18 ],
\[ -5, 12, -4, -5, 17, -14 ],
\[ -4, 9, -2, -6, 20, -16 ],
\[ -3, 6, 0, -7, 23, -18 ],
\[ -2, -1, 10, 0, 6, -12 ],
\[ -2, 1, 6, 0, 4, -8 ],
\[ -2, 3, 2, -8, 26, -20 ],
\[ -2, 3, 2, 0, 2, -4 ],
\[ -2, 3, 2, 8, 2, -12 ],
\[ -2, 5, -2, 0, 0, 0 ],
\[ -1, -4, 12, -1, 9, -14 ],
\[ -1, -2, 8, -1, 7, -10 ],
\[ -1, 0, 4, -9, 29, -22 ],
\[ -1, 0, 4, -1, 5, -6 ],
\[ -1, 0, 4, 7, 5, -14 ],
\[ -1, 1, 3, 7, 4, -13 ],
\[ -1, 2, 0, -9, 27, -18 ],
\[ -1, 2, 0, -1, 3, -2 ],
\[ -1, 2, 0, 7, 3, -10 ],
\[ -1, 2, 2, 7, 3, -12 ],
\[ -1, 3, -1, 7, 2, -9 ],
\[ -1, 3, 1, 7, 2, -11 ],
\[ 0, -5, 10, -2, 10, -12 ],
\[ 0, -3, 6, -2, 8, -8 ],
\[ 0, -2, 5, 6, 7, -15 ],
\[ 0, -1, 2, -10, 30, -20 ],
\[ 0, -1, 2, -2, 6, -4 ],
\[ 0, -1, 2, 6, 6, -12 ],
\[ 0, -1, 4, 6, 6, -14 ],
\[ 0, 0, 1, 6, 5, -11 ],
\[ 0, 0, 3, 6, 5, -13 ],
\[ 0, 1, 0, 6, 4, -10 ],
\[ 0, 1, 2, 6, 4, -12 ],
\[ 0, 2, 1, 6, 3, -11 ],
\[ 0, 3, 0, 6, 2, -10 ],
\[ 1, -3, 5, 5, 8, -15 ],
\[ 1, -2, 4, 5, 7, -14 ],
\[ 1, -1, 1, 5, 6, -11 ],
\[ 1, -1, 3, 5, 6, -13 ],
\[ 1, 0, 0, 5, 5, -10 ],
\[ 1, 0, 2, 5, 5, -12 ],
\[ 1, 0, 4, 5, 5, -14 ],
\[ 1, 1, 1, 5, 4, -11 ],
\[ 1, 1, 3, 5, 4, -13 ],
\[ 1, 2, 0, 5, 3, -10 ],
\[ 1, 3, -1, 5, 2, -9 ],
\[ 2, -3, 4, 4, 8, -14 ],
\[ 2, -2, 3, 4, 7, -13 ],
\[ 2, -1, 2, 4, 6, -12 ],
\[ 2, -1, 4, 4, 6, -14 ],
\[ 2, 0, 1, 4, 5, -11 ],
\[ 2, 0, 3, 4, 5, -13 ],
\[ 2, 1, 0, 4, 4, -10 ],
\[ 2, 1, 2, 4, 4, -12 ],
\[ 2, 2, -1, 4, 3, -9 ],
\[ 3, -3, 3, 3, 8, -13 ],
\[ 3, -3, 5, 3, 8, -15 ],
\[ 3, -2, 2, 3, 7, -12 ],
\[ 3, -2, 4, 3, 7, -14 ],
\[ 3, -1, 1, 3, 6, -11 ],
\[ 3, -1, 3, 3, 6, -13 ],
\[ 3, 0, 0, 3, 5, -10 ],
\[ 3, 0, 2, 3, 5, -12 ],
\[ 3, 1, -1, 3, 4, -9 ],
\[ 3, 1, 1, 3, 4, -11 ],
\[ 4, -4, 5, 2, 9, -15 ],
\[ 4, -3, 2, 2, 8, -12 ],
\[ 4, -3, 4, 2, 8, -14 ],
\[ 4, -2, 1, 2, 7, -11 ],
\[ 4, -2, 3, 2, 7, -13 ],
\[ 4, -1, 0, 2, 6, -10 ],
\[ 4, -1, 2, 2, 6, -12 ],
\[ 4, 0, 1, 2, 5, -11 ],
\[ 4, 1, 0, 2, 4, -10 ],
\[ 5, -5, 5, 1, 10, -15 ],
\[ 5, -4, 4, 1, 9, -14 ],
\[ 5, -3, 1, 1, 8, -11 ],
\[ 5, -3, 3, 1, 8, -13 ],
\[ 5, -2, 0, 1, 7, -10 ],
\[ 5, -2, 2, 1, 7, -12 ],
\[ 5, -2, 4, 1, 7, -14 ],
\[ 5, -1, 1, 1, 6, -11 ],
\[ 5, -1, 3, 1, 6, -13 ],
\[ 5, 0, 0, 1, 5, -10 ],
\[ 5, 1, -1, 1, 4, -9 ],
\[ 6, -5, 4, 0, 10, -14 ],
\[ 6, -4, 3, 0, 9, -13 ],
\[ 6, -3, 2, 0, 8, -12 ],
\[ 6, -3, 4, 0, 8, -14 ],
\[ 6, -2, 1, 0, 7, -11 ],
\[ 6, -2, 3, 0, 7, -13 ],
\[ 6, -1, 0, 0, 6, -10 ],
\[ 6, -1, 2, 0, 6, -12 ],
\[ 6, 0, -1, 0, 5, -9 ],
\[ 7, -5, 3, -1, 10, -13 ],
\[ 7, -5, 5, -1, 10, -15 ],
\[ 7, -4, 2, -1, 9, -12 ],
\[ 7, -4, 4, -1, 9, -14 ],
\[ 7, -3, 1, -1, 8, -11 ],
\[ 7, -2, 0, -1, 7, -10 ],
\[ 8, -5, 2, -2, 10, -12 ]
]
