[ PowerSequence(IntegerRing()) |
\[ -5, 10, 0, -1, 7, -10 ],
\[ -5, 12, -4, -1, 5, -6 ],
\[ -4, 10, -3, 2, 7, -11 ],
\[ -3, 6, 0, -3, 11, -10 ],
\[ -2, 1, 6, 0, 4, -8 ],
\[ -2, 3, 2, 0, 2, -4 ],
\[ -2, 5, -2, 0, 0, 0 ],
\[ -2, 8, -3, 0, 9, -11 ],
\[ -2, 12, -5, 0, 5, -9 ],
\[ -1, 0, 4, -5, 17, -14 ],
\[ -1, 1, 3, 3, 4, -9 ],
\[ -1, 2, 0, -5, 15, -10 ],
\[ -1, 3, -1, 3, 2, -5 ],
\[ -1, 3, 1, 3, 2, -7 ],
\[ 0, -3, 6, -2, 8, -8 ],
\[ 0, -1, 2, -2, 6, -4 ],
\[ 0, 0, 1, -2, 17, -15 ],
\[ 0, 1, 0, 6, 4, -10 ],
\[ 0, 4, -1, -2, 13, -13 ],
\[ 1, -3, 5, 1, 8, -11 ],
\[ 1, -1, 1, 1, 6, -7 ],
\[ 1, -1, 3, 1, 6, -9 ],
\[ 1, 1, 1, 1, 4, -7 ],
\[ 1, 1, 3, 1, 4, -9 ],
\[ 1, 3, -1, 1, 2, -5 ],
\[ 2, 1, 0, 4, 4, -10 ],
\[ 2, 2, -1, -4, 15, -13 ],
\[ 3, -3, 3, -1, 8, -9 ],
\[ 3, -3, 5, -1, 8, -11 ],
\[ 3, -1, 1, -1, 6, -7 ],
\[ 4, -1, 0, 2, 6, -10 ],
\[ 6, -1, 0, 0, 6, -10 ]
]
