use application "polytope";
use vars '$ieqs', '$eqs', '$p';
$ieqs = [
[ 0, 120, 60, 40, 30, 24, 20, 15, 12, 10, 8, 6, 5, 4, 3, 2, 1, 0, 0, 0, 0, 0 ],
[ 0, 30, 60, 10, 30, 6, 20, 15, 12, 10, 2, 6, 5, 4, 3, 2, 1, 0, 0, 0, 0, 0 ],
[ 0, 40, 20, 120, 10, 8, 60, 5, 4, 30, 24, 2, 15, 12, 1, 6, 3, 0, 0, 0, 0, 0 ],
[ 0, 15, 30, 5, 60, 3, 10, 30, 6, 20, 1, 12, 10, 2, 6, 4, 2, 0, 0, 0, 0, 0 ],
[ 0, 24, 12, 8, 6, 120, 4, 3, 60, 2, 40, 30, 1, 20, 15, 10, 5, 0, 0, 0, 0, 0 ],
[ 0, 10, 20, 30, 10, 2, 60, 5, 4, 30, 6, 2, 15, 12, 1, 6, 3, 0, 0, 0, 0, 0 ],
[ 0, 15, 30, 5, 60, 3, 10, 120, 6, 20, 1, 12, 40, 2, 24, 4, 8, 0, 0, 0, 0, 0 ],
[ 0, 6, 12, 2, 6, 30, 4, 3, 60, 2, 10, 30, 1, 20, 15, 10, 5, 0, 0, 0, 0, 0 ],
[ 0, 5, 10, 15, 20, 1, 30, 10, 2, 60, 3, 4, 30, 6, 2, 12, 6, 0, 0, 0, 0, 0 ],
[ 0, 8, 4, 24, 2, 40, 12, 1, 20, 6, 120, 10, 3, 60, 5, 30, 15, 0, 0, 0, 0, 0 ],
[ 0, 3, 6, 1, 12, 15, 2, 6, 30, 4, 5, 60, 2, 10, 30, 20, 10, 0, 0, 0, 0, 0 ],
[ 0, 5, 10, 15, 20, 1, 30, 40, 2, 60, 3, 4, 120, 6, 8, 12, 24, 0, 0, 0, 0, 0 ],
[ 0, 2, 4, 6, 2, 10, 12, 1, 20, 6, 30, 10, 3, 60, 5, 30, 15, 0, 0, 0, 0, 0 ],
[ 0, 3, 6, 1, 12, 15, 2, 24, 30, 4, 5, 60, 8, 10, 120, 20, 40, 0, 0, 0, 0, 0 ],
[ 0, 1, 2, 3, 4, 5, 6, 2, 10, 12, 15, 20, 6, 30, 10, 60, 30, 0, 0, 0, 0, 0 ],
[ 3528, 1, 2, 3, 4, 5, 6, 8, 10, 12, 15, 20, 24, 30, 40, 60, 120, 0, 0, 0, 0, 0 ]
];
$eqs = [
[ -1, 1, 1, 1, 1, 1, 1, 1, 1, 1, 1, 1, 1, 1, 1, 1, 1, 0, 0, 0, 0, 0 ],
[ -1, 0, 1, 0, 2, 0, 1, 3, 1, 2, 0, 2, 3, 1, 3, 2, 3, -2, 0, 0, 0, 0 ],
[ 0, 0, 0, 1, 0, 0, 1, 0, 0, 1, 1, 0, 1, 1, 0, 1, 1, 0, -2, 0, 0, 0 ],
[ 0, 0, 0, 0, 0, 1, 0, 0, 1, 0, 1, 1, 0, 1, 1, 1, 1, 0, 0, -2, 0, 0 ],
[ 0, 1, 2, 3, 4, 5, 6, 8, 10, 12, 15, 20, 24, 30, 40, 60, 120, 0, 0, 0, -24, 0 ],
[ 0, 120, 60, 40, 30, 24, 20, 15, 12, 10, 8, 6, 5, 4, 3, 2, 1, 0, 0, 0, 0, -24 ]
];
$p = new Polytope(INEQUALITIES=>$ieqs, EQUATIONS=>$eqs);
print $p->LATTICE_POINTS;
