[ PowerSequence(IntegerRing()) |
\[ -11, 26, -8, -1, 9, -14 ],
\[ -10, 23, -6, 0, 6, -12 ],
\[ -9, 23, -7, 1, 6, -13 ],
\[ -8, 21, -8, 2, 8, -14 ],
\[ -7, 16, -4, -5, 19, -18 ],
\[ -7, 18, -6, 3, 5, -12 ],
\[ -6, 13, -2, -4, 16, -16 ],
\[ -6, 18, -7, 4, 5, -13 ],
\[ -5, 10, 0, -3, 13, -14 ],
\[ -5, 12, -4, -3, 11, -10 ],
\[ -5, 13, -5, 5, 4, -11 ],
\[ -5, 13, -3, -3, 16, -17 ],
\[ -4, 7, 2, -2, 10, -12 ],
\[ -4, 9, -2, -2, 8, -8 ],
\[ -4, 10, -1, -2, 13, -15 ],
\[ -4, 11, -4, -2, 18, -18 ],
\[ -3, 2, 8, -1, 9, -14 ],
\[ -3, 4, 4, -1, 7, -10 ],
\[ -3, 6, 0, -9, 29, -22 ],
\[ -3, 6, 0, -1, 5, -6 ],
\[ -3, 6, 0, 7, 5, -14 ],
\[ -3, 7, 1, -1, 10, -13 ],
\[ -3, 8, -2, -1, 15, -16 ],
\[ -3, 9, -3, -1, 8, -9 ],
\[ -3, 10, -2, -1, 13, -16 ],
\[ -3, 14, -6, -1, 9, -12 ],
\[ -2, -1, 10, 0, 6, -12 ],
\[ -2, 1, 6, 0, 4, -8 ],
\[ -2, 3, 2, -8, 26, -20 ],
\[ -2, 3, 2, 0, 2, -4 ],
\[ -2, 3, 2, 8, 2, -12 ],
\[ -2, 4, 3, 0, 7, -11 ],
\[ -2, 5, -2, 0, 0, 0 ],
\[ -2, 5, 0, 0, 12, -14 ],
\[ -2, 6, -1, 0, 5, -7 ],
\[ -2, 7, 0, 0, 10, -14 ],
\[ -2, 8, -3, 0, 15, -17 ],
\[ -2, 9, 0, 0, 8, -14 ],
\[ -2, 11, -4, 0, 6, -10 ],
\[ -2, 16, -7, 0, 7, -13 ],
\[ -1, -1, 9, 1, 6, -13 ],
\[ -1, 0, 4, -7, 23, -18 ],
\[ -1, 0, 6, 1, 11, -16 ],
\[ -1, 1, 5, 1, 4, -9 ],
\[ -1, 2, 0, -7, 21, -14 ],
\[ -1, 2, 2, 1, 9, -12 ],
\[ -1, 3, -1, 1, 14, -15 ],
\[ -1, 3, 1, -7, 26, -21 ],
\[ -1, 3, 1, 1, 2, -5 ],
\[ -1, 3, 1, 9, 2, -13 ],
\[ -1, 4, 2, 1, 7, -12 ],
\[ -1, 5, -1, 1, 12, -15 ],
\[ -1, 6, -2, 1, 5, -8 ],
\[ -1, 7, -1, 1, 10, -15 ],
\[ -1, 11, -5, 1, 6, -11 ],
\[ 0, -3, 6, -6, 20, -16 ],
\[ 0, -3, 8, 2, 8, -14 ],
\[ 0, -2, 5, 2, 13, -17 ],
\[ 0, -1, 2, -6, 18, -12 ],
\[ 0, -1, 4, 2, 6, -10 ],
\[ 0, 0, 1, 2, 11, -13 ],
\[ 0, 0, 3, -6, 23, -19 ],
\[ 0, 1, 0, -6, 28, -22 ],
\[ 0, 1, 0, 2, 4, -6 ],
\[ 0, 1, 0, 10, 4, -14 ],
\[ 0, 1, 4, 2, 4, -10 ],
\[ 0, 2, 1, 2, 9, -13 ],
\[ 0, 3, 0, 2, 2, -6 ],
\[ 0, 4, 1, 2, 7, -13 ],
\[ 0, 5, -2, 2, 12, -16 ],
\[ 1, -3, 5, -5, 20, -17 ],
\[ 1, -3, 7, 3, 8, -15 ],
\[ 1, -1, 1, -5, 18, -13 ],
\[ 1, -1, 3, 3, 6, -11 ],
\[ 1, 0, 0, 3, 11, -14 ],
\[ 1, 0, 2, -5, 23, -20 ],
\[ 1, 1, 3, 3, 4, -11 ],
\[ 1, 2, 0, 3, 9, -14 ],
\[ 1, 3, -1, 3, 2, -7 ],
\[ 1, 4, -2, -5, 19, -16 ],
\[ 1, 4, 0, 3, 7, -14 ],
\[ 2, -3, 4, -4, 20, -18 ],
\[ 2, -1, 2, 4, 6, -12 ],
\[ 2, -1, 4, -4, 18, -18 ],
\[ 2, 1, 0, -4, 16, -14 ],
\[ 2, 1, 2, 4, 4, -12 ],
\[ 2, 2, -1, 4, 9, -15 ],
\[ 2, 6, -3, -4, 17, -17 ],
\[ 3, -4, 6, -3, 15, -16 ],
\[ 3, -3, 3, -3, 20, -19 ],
\[ 3, -2, 2, -3, 13, -12 ],
\[ 3, -1, 1, 5, 6, -13 ],
\[ 3, 1, -1, -3, 16, -15 ],
\[ 3, 1, 1, 5, 4, -13 ],
\[ 3, 3, -1, -3, 14, -15 ],
\[ 4, -4, 5, -2, 15, -17 ],
\[ 4, -2, 1, -2, 13, -13 ],
\[ 4, -1, 0, 6, 6, -14 ],
\[ 4, 0, 1, -2, 11, -13 ],
\[ 4, 3, -2, -2, 14, -16 ],
\[ 5, -5, 7, -1, 10, -15 ],
\[ 5, -3, 3, -1, 8, -11 ],
\[ 5, -2, 0, -1, 13, -14 ],
\[ 5, 0, 0, -1, 11, -14 ],
\[ 5, 2, 0, -1, 9, -14 ],
\[ 6, -3, 2, 0, 8, -12 ],
\[ 6, -1, 2, 0, 6, -12 ],
\[ 6, 0, -1, 0, 11, -15 ],
\[ 7, -3, 1, 1, 8, -13 ],
\[ 7, -1, 1, 1, 6, -13 ],
\[ 8, -3, 0, 2, 8, -14 ]
]
