use application "polytope";
use vars '$ieqs', '$eqs', '$p';
$ieqs = [
[ 1440, 372, 186, 124, 93, 62, 31, 12, 6, 4, 3, 2, 1, 0, 0, 0, 0, 0 ],
[ 0, 93, 186, 31, 93, 62, 31, 3, 6, 1, 3, 2, 1, 0, 0, 0, 0, 0 ],
[ 0, 124, 62, 372, 31, 186, 93, 4, 2, 12, 1, 6, 3, 0, 0, 0, 0, 0 ],
[ 0, 93, 186, 31, 372, 62, 124, 3, 6, 1, 12, 2, 4, 0, 0, 0, 0, 0 ],
[ 0, 31, 62, 93, 31, 186, 93, 1, 2, 3, 1, 6, 3, 0, 0, 0, 0, 0 ],
[ 0, 31, 62, 93, 124, 186, 372, 1, 2, 3, 4, 6, 12, 0, 0, 0, 0, 0 ],
[ 0, 12, 6, 4, 3, 2, 1, 372, 186, 124, 93, 62, 31, 0, 0, 0, 0, 0 ],
[ 0, 3, 6, 1, 3, 2, 1, 93, 186, 31, 93, 62, 31, 0, 0, 0, 0, 0 ],
[ 0, 4, 2, 12, 1, 6, 3, 124, 62, 372, 31, 186, 93, 0, 0, 0, 0, 0 ],
[ 0, 3, 6, 1, 12, 2, 4, 93, 186, 31, 372, 62, 124, 0, 0, 0, 0, 0 ],
[ 0, 1, 2, 3, 1, 6, 3, 31, 62, 93, 31, 186, 93, 0, 0, 0, 0, 0 ],
[ 2208, 1, 2, 3, 4, 6, 12, 31, 62, 93, 124, 186, 372, 0, 0, 0, 0, 0 ]
];
$eqs = [
[ -1, 1, 1, 1, 1, 1, 1, 1, 1, 1, 1, 1, 1, 0, 0, 0, 0, 0 ],
[ -1, 0, 1, 0, 2, 1, 2, 0, 1, 0, 2, 1, 2, -2, 0, 0, 0, 0 ],
[ 0, 0, 0, 1, 0, 1, 1, 0, 0, 1, 0, 1, 1, 0, -2, 0, 0, 0 ],
[ 0, 0, 0, 0, 0, 0, 0, 1, 1, 1, 1, 1, 1, 0, 0, -2, 0, 0 ],
[ 0, 1, 2, 3, 4, 6, 12, 31, 62, 93, 124, 186, 372, 0, 0, 0, -24, 0 ],
[ 0, 372, 186, 124, 93, 62, 31, 12, 6, 4, 3, 2, 1, 0, 0, 0, 0, -24 ]
];
$p = new Polytope(INEQUALITIES=>$ieqs, EQUATIONS=>$eqs);
print $p->LATTICE_POINTS;
