use application "polytope";
use vars '$ieqs', '$eqs', '$p';
$ieqs = [
[ 0, 148, 74, 37, 4, 2, 1, 0, 0, 0, 0 ],
[ 0, 37, 74, 37, 1, 2, 1, 0, 0, 0, 0 ],
[ 0, 37, 74, 148, 1, 2, 4, 0, 0, 0, 0 ],
[ 0, 4, 2, 1, 148, 74, 37, 0, 0, 0, 0 ],
[ 0, 1, 2, 1, 37, 74, 37, 0, 0, 0, 0 ],
[ 1488, 1, 2, 4, 37, 74, 148, 0, 0, 0, 0 ]
];
$eqs = [
[ -1, 1, 1, 1, 1, 1, 1, 0, 0, 0, 0 ],
[ -1, 0, 1, 2, 0, 1, 2, -2, 0, 0, 0 ],
[ 0, 0, 0, 0, 1, 1, 1, 0, -2, 0, 0 ],
[ 0, 1, 2, 4, 37, 74, 148, 0, 0, -24, 0 ],
[ 0, 148, 74, 37, 4, 2, 1, 0, 0, 0, -24 ]
];
$p = new Polytope(INEQUALITIES=>$ieqs, EQUATIONS=>$eqs);
print $p->LATTICE_POINTS;
