use application "polytope";
use vars '$ieqs', '$eqs', '$p';
$ieqs = [
[ 0, 204, 102, 68, 51, 34, 17, 12, 6, 4, 3, 2, 1, 0, 0, 0, 0, 0 ],
[ 0, 51, 102, 17, 51, 34, 17, 3, 6, 1, 3, 2, 1, 0, 0, 0, 0, 0 ],
[ 0, 68, 34, 204, 17, 102, 51, 4, 2, 12, 1, 6, 3, 0, 0, 0, 0, 0 ],
[ 0, 51, 102, 17, 204, 34, 68, 3, 6, 1, 12, 2, 4, 0, 0, 0, 0, 0 ],
[ 0, 17, 34, 51, 17, 102, 51, 1, 2, 3, 1, 6, 3, 0, 0, 0, 0, 0 ],
[ 0, 17, 34, 51, 68, 102, 204, 1, 2, 3, 4, 6, 12, 0, 0, 0, 0, 0 ],
[ 0, 12, 6, 4, 3, 2, 1, 204, 102, 68, 51, 34, 17, 0, 0, 0, 0, 0 ],
[ 0, 3, 6, 1, 3, 2, 1, 51, 102, 17, 51, 34, 17, 0, 0, 0, 0, 0 ],
[ 0, 4, 2, 12, 1, 6, 3, 68, 34, 204, 17, 102, 51, 0, 0, 0, 0, 0 ],
[ 0, 3, 6, 1, 12, 2, 4, 51, 102, 17, 204, 34, 68, 0, 0, 0, 0, 0 ],
[ 0, 1, 2, 3, 1, 6, 3, 17, 34, 51, 17, 102, 51, 0, 0, 0, 0, 0 ],
[ 672, 1, 2, 3, 4, 6, 12, 17, 34, 51, 68, 102, 204, 0, 0, 0, 0, 0 ]
];
$eqs = [
[ -1, 1, 1, 1, 1, 1, 1, 1, 1, 1, 1, 1, 1, 0, 0, 0, 0, 0 ],
[ -1, 0, 1, 0, 2, 1, 2, 0, 1, 0, 2, 1, 2, -2, 0, 0, 0, 0 ],
[ 0, 0, 0, 1, 0, 1, 1, 0, 0, 1, 0, 1, 1, 0, -2, 0, 0, 0 ],
[ 0, 0, 0, 0, 0, 0, 0, 1, 1, 1, 1, 1, 1, 0, 0, -2, 0, 0 ],
[ 0, 1, 2, 3, 4, 6, 12, 17, 34, 51, 68, 102, 204, 0, 0, 0, -24, 0 ],
[ 0, 204, 102, 68, 51, 34, 17, 12, 6, 4, 3, 2, 1, 0, 0, 0, 0, -24 ]
];
$p = new Polytope(INEQUALITIES=>$ieqs, EQUATIONS=>$eqs);
print $p->LATTICE_POINTS;
