use application "polytope";
use vars '$ieqs', '$eqs', '$p';
$ieqs = [
[ 0, 268, 134, 67, 4, 2, 1, 0, 0, 0, 0 ],
[ 0, 67, 134, 67, 1, 2, 1, 0, 0, 0, 0 ],
[ 0, 67, 134, 268, 1, 2, 4, 0, 0, 0, 0 ],
[ 0, 4, 2, 1, 268, 134, 67, 0, 0, 0, 0 ],
[ 0, 1, 2, 1, 67, 134, 67, 0, 0, 0, 0 ],
[ 4344, 1, 2, 4, 67, 134, 268, 0, 0, 0, 0 ]
];
$eqs = [
[ -1, 1, 1, 1, 1, 1, 1, 0, 0, 0, 0 ],
[ -1, 0, 1, 2, 0, 1, 2, -2, 0, 0, 0 ],
[ 0, 0, 0, 0, 1, 1, 1, 0, -2, 0, 0 ],
[ 0, 1, 2, 4, 67, 134, 268, 0, 0, -24, 0 ],
[ 0, 268, 134, 67, 4, 2, 1, 0, 0, 0, -24 ]
];
$p = new Polytope(INEQUALITIES=>$ieqs, EQUATIONS=>$eqs);
print $p->LATTICE_POINTS;
