use application "polytope";
use vars '$ieqs', '$eqs', '$p';
$ieqs = [
[ 0, 260, 130, 65, 52, 26, 20, 13, 10, 5, 4, 2, 1, 0, 0, 0, 0, 0 ],
[ 0, 65, 130, 65, 13, 26, 5, 13, 10, 5, 1, 2, 1, 0, 0, 0, 0, 0 ],
[ 0, 65, 130, 260, 13, 26, 5, 52, 10, 20, 1, 2, 4, 0, 0, 0, 0, 0 ],
[ 0, 52, 26, 13, 260, 130, 4, 65, 2, 1, 20, 10, 5, 0, 0, 0, 0, 0 ],
[ 0, 13, 26, 13, 65, 130, 1, 65, 2, 1, 5, 10, 5, 0, 0, 0, 0, 0 ],
[ 0, 20, 10, 5, 4, 2, 260, 1, 130, 65, 52, 26, 13, 0, 0, 0, 0, 0 ],
[ 0, 13, 26, 52, 65, 130, 1, 260, 2, 4, 5, 10, 20, 0, 0, 0, 0, 0 ],
[ 0, 5, 10, 5, 1, 2, 65, 1, 130, 65, 13, 26, 13, 0, 0, 0, 0, 0 ],
[ 0, 5, 10, 20, 1, 2, 65, 4, 130, 260, 13, 26, 52, 0, 0, 0, 0, 0 ],
[ 0, 4, 2, 1, 20, 10, 52, 5, 26, 13, 260, 130, 65, 0, 0, 0, 0, 0 ],
[ 0, 1, 2, 1, 5, 10, 13, 5, 26, 13, 65, 130, 65, 0, 0, 0, 0, 0 ],
[ 2568, 1, 2, 4, 5, 10, 13, 20, 26, 52, 65, 130, 260, 0, 0, 0, 0, 0 ]
];
$eqs = [
[ -1, 1, 1, 1, 1, 1, 1, 1, 1, 1, 1, 1, 1, 0, 0, 0, 0, 0 ],
[ -1, 0, 1, 2, 0, 1, 0, 2, 1, 2, 0, 1, 2, -2, 0, 0, 0, 0 ],
[ 0, 0, 0, 0, 1, 1, 0, 1, 0, 0, 1, 1, 1, 0, -2, 0, 0, 0 ],
[ 0, 0, 0, 0, 0, 0, 1, 0, 1, 1, 1, 1, 1, 0, 0, -2, 0, 0 ],
[ 0, 1, 2, 4, 5, 10, 13, 20, 26, 52, 65, 130, 260, 0, 0, 0, -24, 0 ],
[ 0, 260, 130, 65, 52, 26, 20, 13, 10, 5, 4, 2, 1, 0, 0, 0, 0, -24 ]
];
$p = new Polytope(INEQUALITIES=>$ieqs, EQUATIONS=>$eqs);
print $p->LATTICE_POINTS;
