use application "polytope";
use vars '$ieqs', '$eqs', '$p';
$ieqs = [
[ 0, 380, 190, 95, 76, 38, 20, 19, 10, 5, 4, 2, 1, 0, 0, 0, 0, 0 ],
[ 0, 95, 190, 95, 19, 38, 5, 19, 10, 5, 1, 2, 1, 0, 0, 0, 0, 0 ],
[ 0, 95, 190, 380, 19, 38, 5, 76, 10, 20, 1, 2, 4, 0, 0, 0, 0, 0 ],
[ 0, 76, 38, 19, 380, 190, 4, 95, 2, 1, 20, 10, 5, 0, 0, 0, 0, 0 ],
[ 0, 19, 38, 19, 95, 190, 1, 95, 2, 1, 5, 10, 5, 0, 0, 0, 0, 0 ],
[ 0, 20, 10, 5, 4, 2, 380, 1, 190, 95, 76, 38, 19, 0, 0, 0, 0, 0 ],
[ 0, 19, 38, 76, 95, 190, 1, 380, 2, 4, 5, 10, 20, 0, 0, 0, 0, 0 ],
[ 0, 5, 10, 5, 1, 2, 95, 1, 190, 95, 19, 38, 19, 0, 0, 0, 0, 0 ],
[ 0, 5, 10, 20, 1, 2, 95, 4, 190, 380, 19, 38, 76, 0, 0, 0, 0, 0 ],
[ 0, 4, 2, 1, 20, 10, 76, 5, 38, 19, 380, 190, 95, 0, 0, 0, 0, 0 ],
[ 0, 1, 2, 1, 5, 10, 19, 5, 38, 19, 95, 190, 95, 0, 0, 0, 0, 0 ],
[ 2208, 1, 2, 4, 5, 10, 19, 20, 38, 76, 95, 190, 380, 0, 0, 0, 0, 0 ]
];
$eqs = [
[ -1, 1, 1, 1, 1, 1, 1, 1, 1, 1, 1, 1, 1, 0, 0, 0, 0, 0 ],
[ -1, 0, 1, 2, 0, 1, 0, 2, 1, 2, 0, 1, 2, -2, 0, 0, 0, 0 ],
[ 0, 0, 0, 0, 1, 1, 0, 1, 0, 0, 1, 1, 1, 0, -2, 0, 0, 0 ],
[ 0, 0, 0, 0, 0, 0, 1, 0, 1, 1, 1, 1, 1, 0, 0, -2, 0, 0 ],
[ 0, 1, 2, 4, 5, 10, 19, 20, 38, 76, 95, 190, 380, 0, 0, 0, -24, 0 ],
[ 0, 380, 190, 95, 76, 38, 20, 19, 10, 5, 4, 2, 1, 0, 0, 0, 0, -24 ]
];
$p = new Polytope(INEQUALITIES=>$ieqs, EQUATIONS=>$eqs);
print $p->LATTICE_POINTS;
