use application "polytope";
use vars '$ieqs', '$eqs', '$p';
$ieqs = [
[ 576, 156, 78, 52, 39, 26, 13, 12, 6, 4, 3, 2, 1, 0, 0, 0, 0, 0 ],
[ 0, 39, 78, 13, 39, 26, 13, 3, 6, 1, 3, 2, 1, 0, 0, 0, 0, 0 ],
[ 0, 52, 26, 156, 13, 78, 39, 4, 2, 12, 1, 6, 3, 0, 0, 0, 0, 0 ],
[ 0, 39, 78, 13, 156, 26, 52, 3, 6, 1, 12, 2, 4, 0, 0, 0, 0, 0 ],
[ 0, 13, 26, 39, 13, 78, 39, 1, 2, 3, 1, 6, 3, 0, 0, 0, 0, 0 ],
[ 0, 13, 26, 39, 52, 78, 156, 1, 2, 3, 4, 6, 12, 0, 0, 0, 0, 0 ],
[ 0, 12, 6, 4, 3, 2, 1, 156, 78, 52, 39, 26, 13, 0, 0, 0, 0, 0 ],
[ 0, 3, 6, 1, 3, 2, 1, 39, 78, 13, 39, 26, 13, 0, 0, 0, 0, 0 ],
[ 0, 4, 2, 12, 1, 6, 3, 52, 26, 156, 13, 78, 39, 0, 0, 0, 0, 0 ],
[ 0, 3, 6, 1, 12, 2, 4, 39, 78, 13, 156, 26, 52, 0, 0, 0, 0, 0 ],
[ 0, 1, 2, 3, 1, 6, 3, 13, 26, 39, 13, 78, 39, 0, 0, 0, 0, 0 ],
[ 1488, 1, 2, 3, 4, 6, 12, 13, 26, 39, 52, 78, 156, 0, 0, 0, 0, 0 ]
];
$eqs = [
[ -1, 1, 1, 1, 1, 1, 1, 1, 1, 1, 1, 1, 1, 0, 0, 0, 0, 0 ],
[ -1, 0, 1, 0, 2, 1, 2, 0, 1, 0, 2, 1, 2, -2, 0, 0, 0, 0 ],
[ 0, 0, 0, 1, 0, 1, 1, 0, 0, 1, 0, 1, 1, 0, -2, 0, 0, 0 ],
[ 0, 0, 0, 0, 0, 0, 0, 1, 1, 1, 1, 1, 1, 0, 0, -2, 0, 0 ],
[ 0, 1, 2, 3, 4, 6, 12, 13, 26, 39, 52, 78, 156, 0, 0, 0, -24, 0 ],
[ 0, 156, 78, 52, 39, 26, 13, 12, 6, 4, 3, 2, 1, 0, 0, 0, 0, -24 ]
];
$p = new Polytope(INEQUALITIES=>$ieqs, EQUATIONS=>$eqs);
print $p->LATTICE_POINTS;
