use application "polytope";
use vars '$ieqs', '$eqs', '$p';
$ieqs = [
[ 0, 460, 230, 115, 92, 46, 23, 20, 10, 5, 4, 2, 1, 0, 0, 0, 0, 0 ],
[ 0, 115, 230, 115, 23, 46, 23, 5, 10, 5, 1, 2, 1, 0, 0, 0, 0, 0 ],
[ 0, 115, 230, 460, 23, 46, 92, 5, 10, 20, 1, 2, 4, 0, 0, 0, 0, 0 ],
[ 0, 92, 46, 23, 460, 230, 115, 4, 2, 1, 20, 10, 5, 0, 0, 0, 0, 0 ],
[ 0, 23, 46, 23, 115, 230, 115, 1, 2, 1, 5, 10, 5, 0, 0, 0, 0, 0 ],
[ 0, 23, 46, 92, 115, 230, 460, 1, 2, 4, 5, 10, 20, 0, 0, 0, 0, 0 ],
[ 0, 20, 10, 5, 4, 2, 1, 460, 230, 115, 92, 46, 23, 0, 0, 0, 0, 0 ],
[ 0, 5, 10, 5, 1, 2, 1, 115, 230, 115, 23, 46, 23, 0, 0, 0, 0, 0 ],
[ 0, 5, 10, 20, 1, 2, 4, 115, 230, 460, 23, 46, 92, 0, 0, 0, 0, 0 ],
[ 0, 4, 2, 1, 20, 10, 5, 92, 46, 23, 460, 230, 115, 0, 0, 0, 0, 0 ],
[ 0, 1, 2, 1, 5, 10, 5, 23, 46, 23, 115, 230, 115, 0, 0, 0, 0, 0 ],
[ 2688, 1, 2, 4, 5, 10, 20, 23, 46, 92, 115, 230, 460, 0, 0, 0, 0, 0 ]
];
$eqs = [
[ -1, 1, 1, 1, 1, 1, 1, 1, 1, 1, 1, 1, 1, 0, 0, 0, 0, 0 ],
[ -1, 0, 1, 2, 0, 1, 2, 0, 1, 2, 0, 1, 2, -2, 0, 0, 0, 0 ],
[ 0, 0, 0, 0, 1, 1, 1, 0, 0, 0, 1, 1, 1, 0, -2, 0, 0, 0 ],
[ 0, 0, 0, 0, 0, 0, 0, 1, 1, 1, 1, 1, 1, 0, 0, -2, 0, 0 ],
[ 0, 1, 2, 4, 5, 10, 20, 23, 46, 92, 115, 230, 460, 0, 0, 0, -24, 0 ],
[ 0, 460, 230, 115, 92, 46, 23, 20, 10, 5, 4, 2, 1, 0, 0, 0, 0, -24 ]
];
$p = new Polytope(INEQUALITIES=>$ieqs, EQUATIONS=>$eqs);
print $p->LATTICE_POINTS;
