use application "polytope";
use vars '$ieqs', '$eqs', '$p';
$ieqs = [
[ 1728, 444, 222, 148, 111, 74, 37, 12, 6, 4, 3, 2, 1, 0, 0, 0, 0, 0 ],
[ 0, 111, 222, 37, 111, 74, 37, 3, 6, 1, 3, 2, 1, 0, 0, 0, 0, 0 ],
[ 0, 148, 74, 444, 37, 222, 111, 4, 2, 12, 1, 6, 3, 0, 0, 0, 0, 0 ],
[ 0, 111, 222, 37, 444, 74, 148, 3, 6, 1, 12, 2, 4, 0, 0, 0, 0, 0 ],
[ 0, 37, 74, 111, 37, 222, 111, 1, 2, 3, 1, 6, 3, 0, 0, 0, 0, 0 ],
[ 0, 37, 74, 111, 148, 222, 444, 1, 2, 3, 4, 6, 12, 0, 0, 0, 0, 0 ],
[ 0, 12, 6, 4, 3, 2, 1, 444, 222, 148, 111, 74, 37, 0, 0, 0, 0, 0 ],
[ 0, 3, 6, 1, 3, 2, 1, 111, 222, 37, 111, 74, 37, 0, 0, 0, 0, 0 ],
[ 0, 4, 2, 12, 1, 6, 3, 148, 74, 444, 37, 222, 111, 0, 0, 0, 0, 0 ],
[ 0, 3, 6, 1, 12, 2, 4, 111, 222, 37, 444, 74, 148, 0, 0, 0, 0, 0 ],
[ 0, 1, 2, 3, 1, 6, 3, 37, 74, 111, 37, 222, 111, 0, 0, 0, 0, 0 ],
[ 1128, 1, 2, 3, 4, 6, 12, 37, 74, 111, 148, 222, 444, 0, 0, 0, 0, 0 ]
];
$eqs = [
[ -1, 1, 1, 1, 1, 1, 1, 1, 1, 1, 1, 1, 1, 0, 0, 0, 0, 0 ],
[ -1, 0, 1, 0, 2, 1, 2, 0, 1, 0, 2, 1, 2, -2, 0, 0, 0, 0 ],
[ 0, 0, 0, 1, 0, 1, 1, 0, 0, 1, 0, 1, 1, 0, -2, 0, 0, 0 ],
[ 0, 0, 0, 0, 0, 0, 0, 1, 1, 1, 1, 1, 1, 0, 0, -2, 0, 0 ],
[ 0, 1, 2, 3, 4, 6, 12, 37, 74, 111, 148, 222, 444, 0, 0, 0, -24, 0 ],
[ 0, 444, 222, 148, 111, 74, 37, 12, 6, 4, 3, 2, 1, 0, 0, 0, 0, -24 ]
];
$p = new Polytope(INEQUALITIES=>$ieqs, EQUATIONS=>$eqs);
print $p->LATTICE_POINTS;
