[ PowerSequence(IntegerRing()) |
\[ -10, 23, -6, 0, 6, -12 ],
\[ -10, 28, -11, 0, 7, -13 ],
\[ -9, 22, -8, -3, 13, -14 ],
\[ -8, 21, -8, 2, 8, -14 ],
\[ -7, 14, 0, -1, 9, -14 ],
\[ -7, 16, -4, -1, 7, -10 ],
\[ -7, 17, -5, -1, 12, -15 ],
\[ -7, 19, -5, -1, 10, -15 ],
\[ -6, 13, -2, -4, 16, -16 ],
\[ -6, 18, -7, -4, 17, -17 ],
\[ -5, 11, -1, 1, 6, -11 ],
\[ -5, 12, -4, -7, 23, -18 ],
\[ -5, 12, -2, 1, 11, -16 ],
\[ -5, 13, -5, 1, 4, -7 ],
\[ -5, 16, -6, 1, 7, -12 ],
\[ -4, 7, 2, -2, 10, -12 ],
\[ -4, 8, 1, -2, 15, -17 ],
\[ -4, 9, -2, -2, 8, -8 ],
\[ -4, 10, -3, -2, 13, -13 ],
\[ -4, 11, -4, -2, 18, -18 ],
\[ -4, 12, -3, -2, 11, -13 ],
\[ -3, 4, 4, -5, 19, -18 ],
\[ -3, 6, 0, -5, 17, -14 ],
\[ -3, 6, 2, 3, 5, -12 ],
\[ -3, 7, -1, -5, 22, -19 ],
\[ -3, 8, -2, 3, 3, -8 ],
\[ -3, 9, -3, 3, 8, -13 ],
\[ -3, 9, -1, -5, 20, -19 ],
\[ -3, 11, -3, 3, 6, -13 ],
\[ -2, -1, 10, 0, 6, -12 ],
\[ -2, 1, 6, 0, 4, -8 ],
\[ -2, 2, 5, 0, 9, -13 ],
\[ -2, 3, 2, -8, 26, -20 ],
\[ -2, 3, 2, 0, 2, -4 ],
\[ -2, 3, 2, 8, 2, -12 ],
\[ -2, 4, 1, 0, 7, -9 ],
\[ -2, 4, 5, 0, 7, -13 ],
\[ -2, 5, -2, 0, 0, 0 ],
\[ -2, 5, 0, 0, 12, -14 ],
\[ -2, 6, 1, 0, 5, -9 ],
\[ -2, 7, 0, 0, 10, -14 ],
\[ -2, 8, -3, -8, 27, -21 ],
\[ -2, 8, -3, 0, 3, -5 ],
\[ -2, 8, -3, 8, 3, -13 ],
\[ -2, 9, 0, 0, 8, -14 ],
\[ -2, 11, -4, 0, 6, -10 ],
\[ -2, 12, -5, 0, 11, -15 ],
\[ -1, -2, 8, -3, 13, -14 ],
\[ -1, 0, 4, -3, 11, -10 ],
\[ -1, 1, 3, -3, 16, -15 ],
\[ -1, 1, 5, 5, 4, -13 ],
\[ -1, 2, 0, -11, 33, -22 ],
\[ -1, 2, 0, -3, 9, -6 ],
\[ -1, 2, 0, 5, 9, -14 ],
\[ -1, 2, 2, -3, 21, -20 ],
\[ -1, 3, -1, -3, 14, -11 ],
\[ -1, 3, 1, 5, 2, -9 ],
\[ -1, 3, 3, -3, 14, -15 ],
\[ -1, 4, 0, 5, 7, -14 ],
\[ -1, 5, -1, -3, 12, -11 ],
\[ -1, 6, -2, -3, 17, -16 ],
\[ -1, 6, 0, 5, 5, -14 ],
\[ -1, 8, -2, -3, 15, -16 ],
\[ 0, -3, 6, -6, 20, -16 ],
\[ 0, -3, 8, 2, 8, -14 ],
\[ 0, -2, 5, -6, 25, -21 ],
\[ 0, -1, 2, -6, 18, -12 ],
\[ 0, -1, 4, 2, 6, -10 ],
\[ 0, 0, 1, -6, 23, -17 ],
\[ 0, 0, 3, 2, 11, -15 ],
\[ 0, 1, 0, -6, 28, -22 ],
\[ 0, 1, 0, 2, 4, -6 ],
\[ 0, 1, 0, 10, 4, -14 ],
\[ 0, 1, 4, 2, 4, -10 ],
\[ 0, 2, 1, -6, 21, -17 ],
\[ 0, 2, 3, 2, 9, -15 ],
\[ 0, 3, 0, 2, 2, -6 ],
\[ 0, 4, -1, 2, 7, -11 ],
\[ 0, 5, -2, 2, 12, -16 ],
\[ 0, 6, -1, 2, 5, -11 ],
\[ 1, -5, 11, -1, 10, -15 ],
\[ 1, -3, 7, -1, 8, -11 ],
\[ 1, -2, 6, -1, 13, -16 ],
\[ 1, -1, 1, -1, 18, -17 ],
\[ 1, -1, 3, -9, 30, -23 ],
\[ 1, -1, 3, -1, 6, -7 ],
\[ 1, -1, 3, 7, 6, -15 ],
\[ 1, 0, 2, -1, 11, -12 ],
\[ 1, 1, 1, -1, 16, -17 ],
\[ 1, 2, 2, -1, 9, -12 ],
\[ 1, 3, -1, 7, 2, -11 ],
\[ 1, 3, 1, -1, 14, -17 ],
\[ 1, 4, -2, -1, 7, -8 ],
\[ 1, 7, -3, -1, 10, -13 ],
\[ 2, -3, 4, -4, 20, -18 ],
\[ 2, -1, 2, 4, 6, -12 ],
\[ 2, -1, 4, -4, 18, -18 ],
\[ 2, 1, 0, -4, 16, -14 ],
\[ 2, 1, 2, 4, 4, -12 ],
\[ 2, 2, -1, -4, 21, -19 ],
\[ 2, 6, -3, 4, 5, -13 ],
\[ 3, -3, 5, 1, 8, -13 ],
\[ 3, -2, 2, -7, 25, -20 ],
\[ 3, -1, 1, 1, 6, -9 ],
\[ 3, -1, 5, 1, 6, -13 ],
\[ 3, 0, 0, 1, 11, -14 ],
\[ 3, 1, 1, 1, 4, -9 ],
\[ 3, 2, 0, 1, 9, -14 ],
\[ 3, 4, 0, 1, 7, -14 ],
\[ 4, -2, 3, -2, 13, -15 ],
\[ 4, -1, 0, 6, 6, -14 ],
\[ 4, 3, -2, -2, 14, -16 ],
\[ 5, -3, 1, -5, 20, -17 ],
\[ 5, -3, 3, 3, 8, -15 ],
\[ 5, 1, -1, 3, 4, -11 ],
\[ 6, -3, 2, 0, 8, -12 ],
\[ 6, -1, 2, 0, 6, -12 ],
\[ 6, 4, -3, 0, 7, -13 ],
\[ 7, -2, 0, -3, 13, -14 ],
\[ 8, -3, 0, 2, 8, -14 ],
\[ 9, -5, 3, -1, 10, -15 ]
]
