use application "polytope";
use vars '$ieqs', '$eqs', '$p';
$ieqs = [
[ 0, 168, 84, 56, 42, 28, 24, 21, 14, 12, 8, 7, 6, 4, 3, 2, 1, 0, 0, 0, 0, 0 ],
[ 0, 42, 84, 14, 42, 28, 6, 21, 14, 12, 2, 7, 6, 4, 3, 2, 1, 0, 0, 0, 0, 0 ],
[ 0, 56, 28, 168, 14, 84, 8, 7, 42, 4, 24, 21, 2, 12, 1, 6, 3, 0, 0, 0, 0, 0 ],
[ 0, 21, 42, 7, 84, 14, 3, 42, 28, 6, 1, 14, 12, 2, 6, 4, 2, 0, 0, 0, 0, 0 ],
[ 0, 14, 28, 42, 14, 84, 2, 7, 42, 4, 6, 21, 2, 12, 1, 6, 3, 0, 0, 0, 0, 0 ],
[ 0, 24, 12, 8, 6, 4, 168, 3, 2, 84, 56, 1, 42, 28, 21, 14, 7, 0, 0, 0, 0, 0 ],
[ 0, 21, 42, 7, 84, 14, 3, 168, 28, 6, 1, 56, 12, 2, 24, 4, 8, 0, 0, 0, 0, 0 ],
[ 0, 7, 14, 21, 28, 42, 1, 14, 84, 2, 3, 42, 4, 6, 2, 12, 6, 0, 0, 0, 0, 0 ],
[ 0, 6, 12, 2, 6, 4, 42, 3, 2, 84, 14, 1, 42, 28, 21, 14, 7, 0, 0, 0, 0, 0 ],
[ 0, 8, 4, 24, 2, 12, 56, 1, 6, 28, 168, 3, 14, 84, 7, 42, 21, 0, 0, 0, 0, 0 ],
[ 0, 7, 14, 21, 28, 42, 1, 56, 84, 2, 3, 168, 4, 6, 8, 12, 24, 0, 0, 0, 0, 0 ],
[ 0, 3, 6, 1, 12, 2, 21, 6, 4, 42, 7, 2, 84, 14, 42, 28, 14, 0, 0, 0, 0, 0 ],
[ 0, 2, 4, 6, 2, 12, 14, 1, 6, 28, 42, 3, 14, 84, 7, 42, 21, 0, 0, 0, 0, 0 ],
[ 0, 3, 6, 1, 12, 2, 21, 24, 4, 42, 7, 8, 84, 14, 168, 28, 56, 0, 0, 0, 0, 0 ],
[ 0, 1, 2, 3, 4, 6, 7, 2, 12, 14, 21, 6, 28, 42, 14, 84, 42, 0, 0, 0, 0, 0 ],
[ 1272, 1, 2, 3, 4, 6, 7, 8, 12, 14, 21, 24, 28, 42, 56, 84, 168, 0, 0, 0, 0, 0 ]
];
$eqs = [
[ -1, 1, 1, 1, 1, 1, 1, 1, 1, 1, 1, 1, 1, 1, 1, 1, 1, 0, 0, 0, 0, 0 ],
[ -1, 0, 1, 0, 2, 1, 0, 3, 2, 1, 0, 3, 2, 1, 3, 2, 3, -2, 0, 0, 0, 0 ],
[ 0, 0, 0, 1, 0, 1, 0, 0, 1, 0, 1, 1, 0, 1, 0, 1, 1, 0, -2, 0, 0, 0 ],
[ 0, 0, 0, 0, 0, 0, 1, 0, 0, 1, 1, 0, 1, 1, 1, 1, 1, 0, 0, -2, 0, 0 ],
[ 0, 1, 2, 3, 4, 6, 7, 8, 12, 14, 21, 24, 28, 42, 56, 84, 168, 0, 0, 0, -24, 0 ],
[ 0, 168, 84, 56, 42, 28, 24, 21, 14, 12, 8, 7, 6, 4, 3, 2, 1, 0, 0, 0, 0, -24 ]
];
$p = new Polytope(INEQUALITIES=>$ieqs, EQUATIONS=>$eqs);
print $p->LATTICE_POINTS;
