use application "polytope";
use vars '$ieqs', '$eqs', '$p';
$ieqs = [
[ 0, 388, 194, 97, 4, 2, 1, 0, 0, 0, 0 ],
[ 0, 97, 194, 97, 1, 2, 1, 0, 0, 0, 0 ],
[ 0, 97, 194, 388, 1, 2, 4, 0, 0, 0, 0 ],
[ 0, 4, 2, 1, 388, 194, 97, 0, 0, 0, 0 ],
[ 0, 1, 2, 1, 97, 194, 97, 0, 0, 0, 0 ],
[ 1704, 1, 2, 4, 97, 194, 388, 0, 0, 0, 0 ]
];
$eqs = [
[ -1, 1, 1, 1, 1, 1, 1, 0, 0, 0, 0 ],
[ -1, 0, 1, 2, 0, 1, 2, -2, 0, 0, 0 ],
[ 0, 0, 0, 0, 1, 1, 1, 0, -2, 0, 0 ],
[ 0, 1, 2, 4, 97, 194, 388, 0, 0, -24, 0 ],
[ 0, 388, 194, 97, 4, 2, 1, 0, 0, 0, -24 ]
];
$p = new Polytope(INEQUALITIES=>$ieqs, EQUATIONS=>$eqs);
print $p->LATTICE_POINTS;
