use application "polytope";
use vars '$ieqs', '$eqs', '$p';
$ieqs = [
[ 1056, 276, 138, 92, 69, 46, 23, 12, 6, 4, 3, 2, 1, 0, 0, 0, 0, 0 ],
[ 0, 69, 138, 23, 69, 46, 23, 3, 6, 1, 3, 2, 1, 0, 0, 0, 0, 0 ],
[ 0, 92, 46, 276, 23, 138, 69, 4, 2, 12, 1, 6, 3, 0, 0, 0, 0, 0 ],
[ 0, 69, 138, 23, 276, 46, 92, 3, 6, 1, 12, 2, 4, 0, 0, 0, 0, 0 ],
[ 0, 23, 46, 69, 23, 138, 69, 1, 2, 3, 1, 6, 3, 0, 0, 0, 0, 0 ],
[ 0, 23, 46, 69, 92, 138, 276, 1, 2, 3, 4, 6, 12, 0, 0, 0, 0, 0 ],
[ 0, 12, 6, 4, 3, 2, 1, 276, 138, 92, 69, 46, 23, 0, 0, 0, 0, 0 ],
[ 0, 3, 6, 1, 3, 2, 1, 69, 138, 23, 69, 46, 23, 0, 0, 0, 0, 0 ],
[ 0, 4, 2, 12, 1, 6, 3, 92, 46, 276, 23, 138, 69, 0, 0, 0, 0, 0 ],
[ 0, 3, 6, 1, 12, 2, 4, 69, 138, 23, 276, 46, 92, 0, 0, 0, 0, 0 ],
[ 0, 1, 2, 3, 1, 6, 3, 23, 46, 69, 23, 138, 69, 0, 0, 0, 0, 0 ],
[ 504, 1, 2, 3, 4, 6, 12, 23, 46, 69, 92, 138, 276, 0, 0, 0, 0, 0 ]
];
$eqs = [
[ -1, 1, 1, 1, 1, 1, 1, 1, 1, 1, 1, 1, 1, 0, 0, 0, 0, 0 ],
[ -1, 0, 1, 0, 2, 1, 2, 0, 1, 0, 2, 1, 2, -2, 0, 0, 0, 0 ],
[ 0, 0, 0, 1, 0, 1, 1, 0, 0, 1, 0, 1, 1, 0, -2, 0, 0, 0 ],
[ 0, 0, 0, 0, 0, 0, 0, 1, 1, 1, 1, 1, 1, 0, 0, -2, 0, 0 ],
[ 0, 1, 2, 3, 4, 6, 12, 23, 46, 69, 92, 138, 276, 0, 0, 0, -24, 0 ],
[ 0, 276, 138, 92, 69, 46, 23, 12, 6, 4, 3, 2, 1, 0, 0, 0, 0, -24 ]
];
$p = new Polytope(INEQUALITIES=>$ieqs, EQUATIONS=>$eqs);
print $p->LATTICE_POINTS;
