use application "polytope";
use vars '$ieqs', '$eqs', '$p';
$ieqs = [
[ 0, 52, 26, 13, 4, 2, 1, 0, 0, 0, 0 ],
[ 0, 13, 26, 13, 1, 2, 1, 0, 0, 0, 0 ],
[ 0, 13, 26, 52, 1, 2, 4, 0, 0, 0, 0 ],
[ 0, 4, 2, 1, 52, 26, 13, 0, 0, 0, 0 ],
[ 0, 1, 2, 1, 13, 26, 13, 0, 0, 0, 0 ],
[ 264, 1, 2, 4, 13, 26, 52, 0, 0, 0, 0 ]
];
$eqs = [
[ -1, 1, 1, 1, 1, 1, 1, 0, 0, 0, 0 ],
[ -1, 0, 1, 2, 0, 1, 2, -2, 0, 0, 0 ],
[ 0, 0, 0, 0, 1, 1, 1, 0, -2, 0, 0 ],
[ 0, 1, 2, 4, 13, 26, 52, 0, 0, -24, 0 ],
[ 0, 52, 26, 13, 4, 2, 1, 0, 0, 0, -24 ]
];
$p = new Polytope(INEQUALITIES=>$ieqs, EQUATIONS=>$eqs);
print $p->LATTICE_POINTS;
