use application "polytope";
use vars '$ieqs', '$eqs', '$p';
$ieqs = [
[ 0, 104, 52, 26, 13, 8, 4, 2, 1, 0, 0, 0, 0 ],
[ 0, 26, 52, 26, 13, 2, 4, 2, 1, 0, 0, 0, 0 ],
[ 0, 13, 26, 52, 26, 1, 2, 4, 2, 0, 0, 0, 0 ],
[ 0, 13, 26, 52, 104, 1, 2, 4, 8, 0, 0, 0, 0 ],
[ 0, 8, 4, 2, 1, 104, 52, 26, 13, 0, 0, 0, 0 ],
[ 0, 2, 4, 2, 1, 26, 52, 26, 13, 0, 0, 0, 0 ],
[ 0, 1, 2, 4, 2, 13, 26, 52, 26, 0, 0, 0, 0 ],
[ 624, 1, 2, 4, 8, 13, 26, 52, 104, 0, 0, 0, 0 ]
];
$eqs = [
[ -1, 1, 1, 1, 1, 1, 1, 1, 1, 0, 0, 0, 0 ],
[ -1, 0, 1, 2, 3, 0, 1, 2, 3, -2, 0, 0, 0 ],
[ 0, 0, 0, 0, 0, 1, 1, 1, 1, 0, -2, 0, 0 ],
[ 0, 1, 2, 4, 8, 13, 26, 52, 104, 0, 0, -24, 0 ],
[ 0, 104, 52, 26, 13, 8, 4, 2, 1, 0, 0, 0, -24 ]
];
$p = new Polytope(INEQUALITIES=>$ieqs, EQUATIONS=>$eqs);
print $p->LATTICE_POINTS;
