[ PowerSequence(IntegerRing()) |
\[ -5, 12, -4, -3, 11, -10 ],
\[ -5, 13, -5, -3, 12, -11 ],
\[ -4, 9, -2, -2, 8, -8 ],
\[ -4, 10, -3, -2, 9, -9 ],
\[ -4, 11, -4, -2, 10, -10 ],
\[ -3, 4, 4, -1, 7, -10 ],
\[ -3, 5, 3, -1, 8, -11 ],
\[ -3, 6, 0, -1, 5, -6 ],
\[ -3, 7, -1, -1, 6, -7 ],
\[ -3, 8, -2, -1, 7, -8 ],
\[ -3, 9, -3, -1, 8, -9 ],
\[ -3, 10, -4, -1, 9, -10 ],
\[ -2, 1, 6, 0, 4, -8 ],
\[ -2, 2, 5, 0, 5, -9 ],
\[ -2, 3, 2, 0, 2, -4 ],
\[ -2, 3, 4, 0, 6, -10 ],
\[ -2, 4, 1, 0, 3, -5 ],
\[ -2, 5, -2, 0, 0, 0 ],
\[ -2, 5, 0, 0, 4, -6 ],
\[ -2, 6, -1, 0, 5, -7 ],
\[ -2, 7, -2, 0, 6, -8 ],
\[ -2, 8, -3, 0, 7, -9 ],
\[ -1, 1, 5, 1, 4, -9 ],
\[ -1, 2, 0, -7, 21, -14 ],
\[ -1, 2, 4, 1, 5, -10 ],
\[ -1, 3, -1, -7, 22, -15 ],
\[ -1, 3, 1, 1, 2, -5 ],
\[ -1, 4, 0, 1, 3, -6 ],
\[ -1, 5, -1, 1, 4, -7 ],
\[ -1, 6, -2, 1, 5, -8 ],
\[ -1, 7, -3, 1, 6, -9 ],
\[ 0, -1, 2, -6, 18, -12 ],
\[ 0, 0, 1, -6, 19, -13 ],
\[ 0, 1, 0, -6, 20, -14 ],
\[ 0, 3, 0, 2, 2, -6 ],
\[ 0, 4, -1, 2, 3, -7 ],
\[ 0, 5, -2, 2, 4, -8 ],
\[ 1, -1, 1, -5, 18, -13 ],
\[ 1, 0, 0, -5, 19, -14 ],
\[ 1, 3, -1, 3, 2, -7 ],
\[ 1, 4, -2, 3, 3, -8 ]
]
