use application "polytope";
use vars '$ieqs', '$eqs', '$p';
$ieqs = [
[ 0, 220, 110, 55, 44, 22, 20, 11, 10, 5, 4, 2, 1, 0, 0, 0, 0, 0 ],
[ 0, 55, 110, 55, 11, 22, 5, 11, 10, 5, 1, 2, 1, 0, 0, 0, 0, 0 ],
[ 0, 55, 110, 220, 11, 22, 5, 44, 10, 20, 1, 2, 4, 0, 0, 0, 0, 0 ],
[ 0, 44, 22, 11, 220, 110, 4, 55, 2, 1, 20, 10, 5, 0, 0, 0, 0, 0 ],
[ 0, 11, 22, 11, 55, 110, 1, 55, 2, 1, 5, 10, 5, 0, 0, 0, 0, 0 ],
[ 0, 20, 10, 5, 4, 2, 220, 1, 110, 55, 44, 22, 11, 0, 0, 0, 0, 0 ],
[ 0, 11, 22, 44, 55, 110, 1, 220, 2, 4, 5, 10, 20, 0, 0, 0, 0, 0 ],
[ 0, 5, 10, 5, 1, 2, 55, 1, 110, 55, 11, 22, 11, 0, 0, 0, 0, 0 ],
[ 0, 5, 10, 20, 1, 2, 55, 4, 110, 220, 11, 22, 44, 0, 0, 0, 0, 0 ],
[ 0, 4, 2, 1, 20, 10, 44, 5, 22, 11, 220, 110, 55, 0, 0, 0, 0, 0 ],
[ 0, 1, 2, 1, 5, 10, 11, 5, 22, 11, 55, 110, 55, 0, 0, 0, 0, 0 ],
[ 1248, 1, 2, 4, 5, 10, 11, 20, 22, 44, 55, 110, 220, 0, 0, 0, 0, 0 ]
];
$eqs = [
[ -1, 1, 1, 1, 1, 1, 1, 1, 1, 1, 1, 1, 1, 0, 0, 0, 0, 0 ],
[ -1, 0, 1, 2, 0, 1, 0, 2, 1, 2, 0, 1, 2, -2, 0, 0, 0, 0 ],
[ 0, 0, 0, 0, 1, 1, 0, 1, 0, 0, 1, 1, 1, 0, -2, 0, 0, 0 ],
[ 0, 0, 0, 0, 0, 0, 1, 0, 1, 1, 1, 1, 1, 0, 0, -2, 0, 0 ],
[ 0, 1, 2, 4, 5, 10, 11, 20, 22, 44, 55, 110, 220, 0, 0, 0, -24, 0 ],
[ 0, 220, 110, 55, 44, 22, 20, 11, 10, 5, 4, 2, 1, 0, 0, 0, 0, -24 ]
];
$p = new Polytope(INEQUALITIES=>$ieqs, EQUATIONS=>$eqs);
print $p->LATTICE_POINTS;
