use application "polytope";
use vars '$ieqs', '$eqs', '$p';
$ieqs = [
[ 0, 172, 86, 43, 4, 2, 1, 0, 0, 0, 0 ],
[ 0, 43, 86, 43, 1, 2, 1, 0, 0, 0, 0 ],
[ 0, 43, 86, 172, 1, 2, 4, 0, 0, 0, 0 ],
[ 0, 4, 2, 1, 172, 86, 43, 0, 0, 0, 0 ],
[ 0, 1, 2, 1, 43, 86, 43, 0, 0, 0, 0 ],
[ 1752, 1, 2, 4, 43, 86, 172, 0, 0, 0, 0 ]
];
$eqs = [
[ -1, 1, 1, 1, 1, 1, 1, 0, 0, 0, 0 ],
[ -1, 0, 1, 2, 0, 1, 2, -2, 0, 0, 0 ],
[ 0, 0, 0, 0, 1, 1, 1, 0, -2, 0, 0 ],
[ 0, 1, 2, 4, 43, 86, 172, 0, 0, -24, 0 ],
[ 0, 172, 86, 43, 4, 2, 1, 0, 0, 0, -24 ]
];
$p = new Polytope(INEQUALITIES=>$ieqs, EQUATIONS=>$eqs);
print $p->LATTICE_POINTS;
