use application "polytope";
use vars '$ieqs', '$eqs', '$p';
$ieqs = [
[ 0, 188, 94, 47, 4, 2, 1, 0, 0, 0, 0 ],
[ 0, 47, 94, 47, 1, 2, 1, 0, 0, 0, 0 ],
[ 0, 47, 94, 188, 1, 2, 4, 0, 0, 0, 0 ],
[ 0, 4, 2, 1, 188, 94, 47, 0, 0, 0, 0 ],
[ 0, 1, 2, 1, 47, 94, 47, 0, 0, 0, 0 ],
[ 816, 1, 2, 4, 47, 94, 188, 0, 0, 0, 0 ]
];
$eqs = [
[ -1, 1, 1, 1, 1, 1, 1, 0, 0, 0, 0 ],
[ -1, 0, 1, 2, 0, 1, 2, -2, 0, 0, 0 ],
[ 0, 0, 0, 0, 1, 1, 1, 0, -2, 0, 0 ],
[ 0, 1, 2, 4, 47, 94, 188, 0, 0, -24, 0 ],
[ 0, 188, 94, 47, 4, 2, 1, 0, 0, 0, -24 ]
];
$p = new Polytope(INEQUALITIES=>$ieqs, EQUATIONS=>$eqs);
print $p->LATTICE_POINTS;
