use application "polytope";
use vars '$ieqs', '$eqs', '$p';
$ieqs = [
[ 0, 240, 120, 80, 60, 48, 40, 30, 24, 20, 16, 15, 12, 10, 8, 6, 5, 4, 3, 2, 1, 0, 0, 0, 0, 0 ],
[ 0, 60, 120, 20, 60, 12, 40, 30, 24, 20, 4, 15, 12, 10, 8, 6, 5, 4, 3, 2, 1, 0, 0, 0, 0, 0 ],
[ 0, 80, 40, 240, 20, 16, 120, 10, 8, 60, 48, 5, 4, 30, 24, 2, 15, 12, 1, 6, 3, 0, 0, 0, 0, 0 ],
[ 0, 15, 30, 5, 60, 3, 10, 30, 6, 20, 1, 15, 12, 10, 2, 6, 5, 4, 3, 2, 1, 0, 0, 0, 0, 0 ],
[ 0, 48, 24, 16, 12, 240, 8, 6, 120, 4, 80, 3, 60, 2, 40, 30, 1, 20, 15, 10, 5, 0, 0, 0, 0, 0 ],
[ 0, 20, 40, 60, 20, 4, 120, 10, 8, 60, 12, 5, 4, 30, 24, 2, 15, 12, 1, 6, 3, 0, 0, 0, 0, 0 ],
[ 0, 15, 30, 5, 60, 3, 10, 120, 6, 20, 1, 60, 12, 40, 2, 24, 20, 4, 12, 8, 4, 0, 0, 0, 0, 0 ],
[ 0, 12, 24, 4, 12, 60, 8, 6, 120, 4, 20, 3, 60, 2, 40, 30, 1, 20, 15, 10, 5, 0, 0, 0, 0, 0 ],
[ 0, 5, 10, 15, 20, 1, 30, 10, 2, 60, 3, 5, 4, 30, 6, 2, 15, 12, 1, 6, 3, 0, 0, 0, 0, 0 ],
[ 0, 16, 8, 48, 4, 80, 24, 2, 40, 12, 240, 1, 20, 6, 120, 10, 3, 60, 5, 30, 15, 0, 0, 0, 0, 0 ],
[ 0, 15, 30, 5, 60, 3, 10, 120, 6, 20, 1, 240, 12, 40, 2, 24, 80, 4, 48, 8, 16, 0, 0, 0, 0, 0 ],
[ 0, 3, 6, 1, 12, 15, 2, 6, 30, 4, 5, 3, 60, 2, 10, 30, 1, 20, 15, 10, 5, 0, 0, 0, 0, 0 ],
[ 0, 5, 10, 15, 20, 1, 30, 40, 2, 60, 3, 20, 4, 120, 6, 8, 60, 12, 4, 24, 12, 0, 0, 0, 0, 0 ],
[ 0, 4, 8, 12, 4, 20, 24, 2, 40, 12, 60, 1, 20, 6, 120, 10, 3, 60, 5, 30, 15, 0, 0, 0, 0, 0 ],
[ 0, 3, 6, 1, 12, 15, 2, 24, 30, 4, 5, 12, 60, 8, 10, 120, 4, 20, 60, 40, 20, 0, 0, 0, 0, 0 ],
[ 0, 5, 10, 15, 20, 1, 30, 40, 2, 60, 3, 80, 4, 120, 6, 8, 240, 12, 16, 24, 48, 0, 0, 0, 0, 0 ],
[ 0, 1, 2, 3, 4, 5, 6, 2, 10, 12, 15, 1, 20, 6, 30, 10, 3, 60, 5, 30, 15, 0, 0, 0, 0, 0 ],
[ 0, 3, 6, 1, 12, 15, 2, 24, 30, 4, 5, 48, 60, 8, 10, 120, 16, 20, 240, 40, 80, 0, 0, 0, 0, 0 ],
[ 0, 1, 2, 3, 4, 5, 6, 8, 10, 12, 15, 4, 20, 24, 30, 40, 12, 60, 20, 120, 60, 0, 0, 0, 0, 0 ],
[ 8424, 1, 2, 3, 4, 5, 6, 8, 10, 12, 15, 16, 20, 24, 30, 40, 48, 60, 80, 120, 240, 0, 0, 0, 0, 0 ]
];
$eqs = [
[ -1, 1, 1, 1, 1, 1, 1, 1, 1, 1, 1, 1, 1, 1, 1, 1, 1, 1, 1, 1, 1, 0, 0, 0, 0, 0 ],
[ -1, 0, 1, 0, 2, 0, 1, 3, 1, 2, 0, 4, 2, 3, 1, 3, 4, 2, 4, 3, 4, -2, 0, 0, 0, 0 ],
[ 0, 0, 0, 1, 0, 0, 1, 0, 0, 1, 1, 0, 0, 1, 1, 0, 1, 1, 0, 1, 1, 0, -2, 0, 0, 0 ],
[ 0, 0, 0, 0, 0, 1, 0, 0, 1, 0, 1, 0, 1, 0, 1, 1, 0, 1, 1, 1, 1, 0, 0, -2, 0, 0 ],
[ 0, 1, 2, 3, 4, 5, 6, 8, 10, 12, 15, 16, 20, 24, 30, 40, 48, 60, 80, 120, 240, 0, 0, 0, -24, 0 ],
[ 0, 240, 120, 80, 60, 48, 40, 30, 24, 20, 16, 15, 12, 10, 8, 6, 5, 4, 3, 2, 1, 0, 0, 0, 0, -24 ]
];
$p = new Polytope(INEQUALITIES=>$ieqs, EQUATIONS=>$eqs);
print $p->LATTICE_POINTS;
