[ PowerSequence(IntegerRing()) |
\[ -13, 32, -12, -3, 15, -18 ],
\[ -12, 29, -10, -2, 12, -16 ],
\[ -11, 24, -4, -1, 11, -18 ],
\[ -11, 26, -8, -1, 9, -14 ],
\[ -11, 29, -11, -1, 12, -17 ],
\[ -10, 21, -2, 0, 8, -16 ],
\[ -10, 23, -6, 0, 6, -12 ],
\[ -10, 26, -9, 0, 9, -15 ],
\[ -10, 31, -12, 0, 10, -18 ],
\[ -9, 21, -3, 1, 8, -17 ],
\[ -9, 22, -8, -7, 25, -22 ],
\[ -9, 22, -6, 1, 13, -20 ],
\[ -9, 23, -7, 1, 6, -13 ],
\[ -9, 26, -10, 1, 9, -16 ],
\[ -8, 19, -6, -6, 22, -20 ],
\[ -8, 19, -4, 2, 10, -18 ],
\[ -8, 20, -7, 2, 15, -21 ],
\[ -8, 21, -8, 2, 8, -14 ],
\[ -8, 23, -8, 2, 6, -14 ],
\[ -7, 14, 0, -5, 21, -22 ],
\[ -7, 16, -4, -5, 19, -18 ],
\[ -7, 16, -2, 3, 7, -16 ],
\[ -7, 17, -5, 3, 12, -19 ],
\[ -7, 18, -6, 3, 5, -12 ],
\[ -7, 19, -7, -5, 22, -21 ],
\[ -7, 19, -5, 3, 10, -19 ],
\[ -7, 23, -9, 3, 6, -15 ],
\[ -6, 11, 2, -4, 18, -20 ],
\[ -6, 13, -2, -4, 16, -16 ],
\[ -6, 14, -3, 4, 9, -17 ],
\[ -6, 16, -5, -4, 19, -19 ],
\[ -6, 16, -3, 4, 7, -17 ],
\[ -6, 17, -6, 4, 12, -20 ],
\[ -6, 18, -7, 4, 5, -13 ],
\[ -6, 21, -8, -4, 20, -22 ],
\[ -5, 8, 4, -3, 15, -18 ],
\[ -5, 10, 0, -3, 13, -14 ],
\[ -5, 11, -1, 5, 6, -15 ],
\[ -5, 11, 1, -3, 18, -21 ],
\[ -5, 12, -4, -11, 35, -26 ],
\[ -5, 12, -4, -3, 11, -10 ],
\[ -5, 12, -4, 5, 11, -18 ],
\[ -5, 12, -2, -3, 23, -24 ],
\[ -5, 13, -5, 5, 4, -11 ],
\[ -5, 13, -3, -3, 16, -17 ],
\[ -5, 14, -4, 5, 9, -18 ],
\[ -5, 16, -6, -3, 19, -20 ],
\[ -5, 16, -4, 5, 7, -18 ],
\[ -5, 18, -6, -3, 17, -20 ],
\[ -4, 5, 6, -2, 12, -16 ],
\[ -4, 7, 2, -2, 10, -12 ],
\[ -4, 8, 3, -2, 15, -19 ],
\[ -4, 9, -2, -10, 32, -24 ],
\[ -4, 9, -2, -2, 8, -8 ],
\[ -4, 9, -2, 6, 8, -16 ],
\[ -4, 9, 0, -2, 20, -22 ],
\[ -4, 10, -3, -2, 25, -25 ],
\[ -4, 10, -1, -2, 13, -15 ],
\[ -4, 11, -4, -2, 18, -18 ],
\[ -4, 11, -2, 6, 6, -16 ],
\[ -4, 13, -4, -2, 16, -18 ],
\[ -4, 14, -5, 6, 9, -19 ],
\[ -4, 15, -4, -2, 14, -18 ],
\[ -4, 18, -7, -2, 17, -21 ],
\[ -3, 0, 12, -1, 11, -18 ],
\[ -3, 2, 8, -1, 9, -14 ],
\[ -3, 4, 4, -9, 31, -26 ],
\[ -3, 4, 4, -1, 7, -10 ],
\[ -3, 4, 4, 7, 7, -18 ],
\[ -3, 5, 5, -1, 12, -17 ],
\[ -3, 6, 0, -9, 29, -22 ],
\[ -3, 6, 0, -1, 5, -6 ],
\[ -3, 6, 0, 7, 5, -14 ],
\[ -3, 6, 2, -1, 17, -20 ],
\[ -3, 7, -1, -1, 22, -23 ],
\[ -3, 7, 1, -1, 10, -13 ],
\[ -3, 8, -2, -1, 15, -16 ],
\[ -3, 8, 2, -1, 15, -20 ],
\[ -3, 9, -3, -9, 32, -25 ],
\[ -3, 9, -3, -1, 8, -9 ],
\[ -3, 9, -3, 7, 8, -17 ],
\[ -3, 9, -1, -1, 20, -23 ],
\[ -3, 10, -2, -1, 13, -16 ],
\[ -3, 11, -3, 7, 6, -17 ],
\[ -3, 12, -2, -1, 11, -16 ],
\[ -3, 13, -5, -1, 16, -19 ],
\[ -3, 14, -6, -1, 9, -12 ],
\[ -3, 15, -5, -1, 14, -19 ],
\[ -3, 17, -5, -1, 12, -19 ],
\[ -2, -3, 14, 0, 8, -16 ],
\[ -2, -1, 10, 0, 6, -12 ],
\[ -2, 1, 6, -8, 28, -24 ],
\[ -2, 1, 6, 0, 4, -8 ],
\[ -2, 1, 6, 8, 4, -16 ],
\[ -2, 2, 7, 0, 9, -15 ],
\[ -2, 3, 2, -8, 26, -20 ],
\[ -2, 3, 2, 0, 2, -4 ],
\[ -2, 3, 2, 8, 2, -12 ],
\[ -2, 3, 4, 0, 14, -18 ],
\[ -2, 4, 1, 0, 19, -21 ],
\[ -2, 4, 3, 0, 7, -11 ],
\[ -2, 5, -2, 0, 0, 0 ],
\[ -2, 5, 0, 0, 12, -14 ],
\[ -2, 5, 4, 0, 12, -18 ],
\[ -2, 6, -1, -8, 29, -23 ],
\[ -2, 6, -1, 0, 5, -7 ],
\[ -2, 6, -1, 8, 5, -15 ],
\[ -2, 6, 1, 0, 17, -21 ],
\[ -2, 7, -2, 0, 22, -24 ],
\[ -2, 7, 0, 0, 10, -14 ],
\[ -2, 7, 4, 0, 10, -18 ],
\[ -2, 8, -3, 0, 15, -17 ],
\[ -2, 9, 0, 0, 8, -14 ],
\[ -2, 10, -3, 0, 13, -17 ],
\[ -2, 11, -4, -8, 30, -26 ],
\[ -2, 11, -4, 0, 6, -10 ],
\[ -2, 11, -4, 8, 6, -18 ],
\[ -2, 12, -3, 0, 11, -17 ],
\[ -2, 14, -3, 0, 9, -17 ],
\[ -2, 15, -6, 0, 14, -20 ],
\[ -2, 16, -7, 0, 7, -13 ],
\[ -1, -3, 13, 1, 8, -17 ],
\[ -1, -2, 8, -7, 25, -22 ],
\[ -1, -2, 10, 1, 13, -20 ],
\[ -1, -1, 9, 1, 6, -13 ],
\[ -1, 0, 4, -7, 23, -18 ],
\[ -1, 0, 6, 1, 11, -16 ],
\[ -1, 1, 3, 1, 16, -19 ],
\[ -1, 1, 5, -7, 28, -25 ],
\[ -1, 1, 5, 1, 4, -9 ],
\[ -1, 1, 5, 9, 4, -17 ],
\[ -1, 2, 0, -15, 45, -30 ],
\[ -1, 2, 0, -7, 21, -14 ],
\[ -1, 2, 0, 1, 21, -22 ],
\[ -1, 2, 2, -7, 33, -28 ],
\[ -1, 2, 2, 1, 9, -12 ],
\[ -1, 2, 2, 9, 9, -20 ],
\[ -1, 2, 6, 1, 9, -16 ],
\[ -1, 3, -1, 1, 14, -15 ],
\[ -1, 3, 1, -7, 26, -21 ],
\[ -1, 3, 1, 1, 2, -5 ],
\[ -1, 3, 1, 9, 2, -13 ],
\[ -1, 3, 3, 1, 14, -19 ],
\[ -1, 4, 0, 1, 19, -22 ],
\[ -1, 4, 2, 1, 7, -12 ],
\[ -1, 5, -1, 1, 12, -15 ],
\[ -1, 5, 3, 1, 12, -19 ],
\[ -1, 6, -2, -7, 29, -24 ],
\[ -1, 6, -2, 1, 5, -8 ],
\[ -1, 6, -2, 9, 5, -16 ],
\[ -1, 6, 0, 1, 17, -22 ],
\[ -1, 7, -1, 1, 10, -15 ],
\[ -1, 8, -2, -7, 27, -24 ],
\[ -1, 9, -1, 1, 8, -15 ],
\[ -1, 10, -4, 1, 13, -18 ],
\[ -1, 11, -5, 1, 6, -11 ],
\[ -1, 12, -4, 1, 11, -18 ],
\[ -1, 14, -4, 1, 9, -18 ],
\[ 0, -5, 10, -6, 22, -20 ],
\[ 0, -5, 12, 2, 10, -18 ],
\[ 0, -4, 9, 2, 15, -21 ],
\[ 0, -3, 6, -6, 20, -16 ],
\[ 0, -3, 8, 2, 8, -14 ],
\[ 0, -2, 5, 2, 13, -17 ],
\[ 0, -2, 7, -6, 25, -23 ],
\[ 0, -1, 2, -14, 42, -28 ],
\[ 0, -1, 2, -6, 18, -12 ],
\[ 0, -1, 2, 2, 18, -20 ],
\[ 0, -1, 4, -6, 30, -26 ],
\[ 0, -1, 4, 2, 6, -10 ],
\[ 0, -1, 4, 10, 6, -18 ],
\[ 0, -1, 8, 2, 6, -14 ],
\[ 0, 0, 1, -6, 35, -29 ],
\[ 0, 0, 1, 2, 11, -13 ],
\[ 0, 0, 1, 10, 11, -21 ],
\[ 0, 0, 3, -6, 23, -19 ],
\[ 0, 0, 5, 2, 11, -17 ],
\[ 0, 1, 0, -6, 28, -22 ],
\[ 0, 1, 0, 2, 4, -6 ],
\[ 0, 1, 0, 10, 4, -14 ],
\[ 0, 1, 2, 2, 16, -20 ],
\[ 0, 1, 4, 2, 4, -10 ],
\[ 0, 2, 1, 2, 9, -13 ],
\[ 0, 2, 5, 2, 9, -17 ],
\[ 0, 3, 0, -6, 26, -22 ],
\[ 0, 3, 0, 2, 2, -6 ],
\[ 0, 3, 0, 10, 2, -14 ],
\[ 0, 3, 2, 2, 14, -20 ],
\[ 0, 4, -1, 2, 19, -23 ],
\[ 0, 4, 1, 2, 7, -13 ],
\[ 0, 5, -2, 2, 12, -16 ],
\[ 0, 5, 0, -6, 24, -22 ],
\[ 0, 7, -2, 2, 10, -16 ],
\[ 0, 8, -3, -6, 27, -25 ],
\[ 0, 9, -2, 2, 8, -16 ],
\[ 0, 12, -5, 2, 11, -19 ],
\[ 1, -5, 9, -5, 22, -21 ],
\[ 1, -5, 11, 3, 10, -19 ],
\[ 1, -3, 5, -5, 20, -17 ],
\[ 1, -3, 7, 3, 8, -15 ],
\[ 1, -2, 4, 3, 13, -18 ],
\[ 1, -2, 6, -5, 25, -24 ],
\[ 1, -1, 1, -13, 42, -29 ],
\[ 1, -1, 1, -5, 18, -13 ],
\[ 1, -1, 1, 3, 18, -21 ],
\[ 1, -1, 3, -5, 30, -27 ],
\[ 1, -1, 3, 3, 6, -11 ],
\[ 1, -1, 3, 11, 6, -19 ],
\[ 1, -1, 7, 3, 6, -15 ],
\[ 1, 0, 0, 3, 11, -14 ],
\[ 1, 0, 2, -5, 23, -20 ],
\[ 1, 0, 4, 3, 11, -18 ],
\[ 1, 1, 1, 3, 16, -21 ],
\[ 1, 1, 3, 3, 4, -11 ],
\[ 1, 2, 0, 3, 9, -14 ],
\[ 1, 2, 2, -5, 21, -20 ],
\[ 1, 2, 4, 3, 9, -18 ],
\[ 1, 3, -1, -5, 26, -23 ],
\[ 1, 3, -1, 3, 2, -7 ],
\[ 1, 3, -1, 11, 2, -15 ],
\[ 1, 3, 1, 3, 14, -21 ],
\[ 1, 4, -2, -5, 19, -16 ],
\[ 1, 4, 0, 3, 7, -14 ],
\[ 1, 5, -1, -5, 24, -23 ],
\[ 1, 7, -3, 3, 10, -17 ],
\[ 1, 7, -1, -5, 22, -23 ],
\[ 1, 9, -3, 3, 8, -17 ],
\[ 2, -5, 8, -4, 22, -22 ],
\[ 2, -3, 4, -4, 20, -18 ],
\[ 2, -3, 6, 4, 8, -16 ],
\[ 2, -3, 8, -4, 20, -22 ],
\[ 2, -2, 3, 4, 13, -19 ],
\[ 2, -1, 2, 4, 6, -12 ],
\[ 2, -1, 4, -4, 18, -18 ],
\[ 2, -1, 6, 4, 6, -16 ],
\[ 2, 0, 1, -4, 23, -21 ],
\[ 2, 0, 3, 4, 11, -19 ],
\[ 2, 1, 0, -12, 40, -30 ],
\[ 2, 1, 0, -4, 16, -14 ],
\[ 2, 1, 0, 4, 16, -22 ],
\[ 2, 1, 2, 4, 4, -12 ],
\[ 2, 2, -1, 4, 9, -15 ],
\[ 2, 2, 1, -4, 21, -21 ],
\[ 2, 4, -1, 4, 7, -15 ],
\[ 2, 4, 1, -4, 19, -21 ],
\[ 2, 5, -2, -4, 24, -24 ],
\[ 2, 6, -3, -4, 17, -17 ],
\[ 2, 9, -4, 4, 8, -18 ],
\[ 3, -6, 10, -3, 17, -20 ],
\[ 3, -5, 7, -3, 22, -23 ],
\[ 3, -4, 6, -3, 15, -16 ],
\[ 3, -3, 3, -3, 20, -19 ],
\[ 3, -3, 5, 5, 8, -17 ],
\[ 3, -2, 2, -11, 37, -28 ],
\[ 3, -2, 2, -3, 13, -12 ],
\[ 3, -2, 2, 5, 13, -20 ],
\[ 3, -1, 1, 5, 6, -13 ],
\[ 3, -1, 3, -3, 18, -19 ],
\[ 3, -1, 5, 5, 6, -17 ],
\[ 3, 0, 0, -3, 23, -22 ],
\[ 3, 0, 2, 5, 11, -20 ],
\[ 3, 1, -1, -3, 16, -15 ],
\[ 3, 1, 1, 5, 4, -13 ],
\[ 3, 1, 3, -3, 16, -19 ],
\[ 3, 2, 0, -3, 21, -22 ],
\[ 3, 3, -1, -3, 14, -15 ],
\[ 3, 4, -2, 5, 7, -16 ],
\[ 3, 4, 0, -3, 19, -22 ],
\[ 3, 8, -4, -3, 15, -18 ],
\[ 4, -6, 9, -2, 17, -21 ],
\[ 4, -4, 5, -2, 15, -17 ],
\[ 4, -3, 2, -2, 20, -20 ],
\[ 4, -3, 4, 6, 8, -18 ],
\[ 4, -2, 1, -10, 37, -29 ],
\[ 4, -2, 1, -2, 13, -13 ],
\[ 4, -2, 1, 6, 13, -21 ],
\[ 4, -2, 5, -2, 13, -17 ],
\[ 4, -1, 0, 6, 6, -14 ],
\[ 4, -1, 2, -2, 18, -20 ],
\[ 4, 0, 1, -2, 11, -13 ],
\[ 4, 1, 0, 6, 4, -14 ],
\[ 4, 1, 2, -2, 16, -20 ],
\[ 4, 2, -1, -2, 21, -23 ],
\[ 4, 3, -2, -2, 14, -16 ],
\[ 4, 5, -2, -2, 12, -16 ],
\[ 5, -7, 11, -1, 12, -19 ],
\[ 5, -5, 7, -1, 10, -15 ],
\[ 5, -4, 4, -1, 15, -18 ],
\[ 5, -3, 1, -1, 20, -21 ],
\[ 5, -3, 3, -9, 32, -27 ],
\[ 5, -3, 3, -1, 8, -11 ],
\[ 5, -3, 3, 7, 8, -19 ],
\[ 5, -2, 0, -1, 13, -14 ],
\[ 5, -2, 4, -1, 13, -18 ],
\[ 5, -1, 1, -1, 18, -21 ],
\[ 5, 0, 0, -1, 11, -14 ],
\[ 5, 0, 4, -1, 11, -18 ],
\[ 5, 1, -1, 7, 4, -15 ],
\[ 5, 1, 1, -1, 16, -21 ],
\[ 5, 2, 0, -1, 9, -14 ],
\[ 5, 5, -3, -1, 12, -17 ],
\[ 6, -5, 6, 0, 10, -16 ],
\[ 6, -4, 3, 0, 15, -19 ],
\[ 6, -3, 2, 0, 8, -12 ],
\[ 6, -3, 6, 0, 8, -16 ],
\[ 6, -2, 3, 0, 13, -19 ],
\[ 6, -1, 0, 0, 18, -22 ],
\[ 6, -1, 2, 0, 6, -12 ],
\[ 6, 0, -1, 0, 11, -15 ],
\[ 6, 2, -1, 0, 9, -15 ],
\[ 6, 7, -4, 0, 10, -18 ],
\[ 7, -5, 5, 1, 10, -17 ],
\[ 7, -4, 2, 1, 15, -20 ],
\[ 7, -3, 1, 1, 8, -13 ],
\[ 7, -3, 5, 1, 8, -17 ],
\[ 7, -2, 0, -7, 25, -22 ],
\[ 7, -2, 2, 1, 13, -20 ],
\[ 7, -1, 1, 1, 6, -13 ],
\[ 7, 2, -2, 1, 9, -16 ],
\[ 8, -5, 2, -6, 22, -20 ],
\[ 8, -5, 4, 2, 10, -18 ],
\[ 8, -4, 1, 2, 15, -21 ],
\[ 8, -3, 0, 2, 8, -14 ],
\[ 8, -1, 0, 2, 6, -14 ],
\[ 9, -5, 1, -5, 22, -21 ],
\[ 9, -5, 3, 3, 10, -19 ],
\[ 9, -1, -1, 3, 6, -15 ],
\[ 10, -3, 0, -4, 20, -22 ],
\[ 11, -6, 2, -3, 17, -20 ],
\[ 12, -6, 1, -2, 17, -21 ],
\[ 13, -7, 3, -1, 12, -19 ]
]
