use application "polytope";
use vars '$ieqs', '$eqs', '$p';
$ieqs = [
[ 0, 132, 66, 44, 33, 22, 12, 11, 6, 4, 3, 2, 1, 0, 0, 0, 0, 0 ],
[ 0, 33, 66, 11, 33, 22, 3, 11, 6, 1, 3, 2, 1, 0, 0, 0, 0, 0 ],
[ 0, 44, 22, 132, 11, 66, 4, 33, 2, 12, 1, 6, 3, 0, 0, 0, 0, 0 ],
[ 0, 33, 66, 11, 132, 22, 3, 44, 6, 1, 12, 2, 4, 0, 0, 0, 0, 0 ],
[ 0, 11, 22, 33, 11, 66, 1, 33, 2, 3, 1, 6, 3, 0, 0, 0, 0, 0 ],
[ 0, 12, 6, 4, 3, 2, 132, 1, 66, 44, 33, 22, 11, 0, 0, 0, 0, 0 ],
[ 0, 11, 22, 33, 44, 66, 1, 132, 2, 3, 4, 6, 12, 0, 0, 0, 0, 0 ],
[ 0, 3, 6, 1, 3, 2, 33, 1, 66, 11, 33, 22, 11, 0, 0, 0, 0, 0 ],
[ 0, 4, 2, 12, 1, 6, 44, 3, 22, 132, 11, 66, 33, 0, 0, 0, 0, 0 ],
[ 0, 3, 6, 1, 12, 2, 33, 4, 66, 11, 132, 22, 44, 0, 0, 0, 0, 0 ],
[ 0, 1, 2, 3, 1, 6, 11, 3, 22, 33, 11, 66, 33, 0, 0, 0, 0, 0 ],
[ 696, 1, 2, 3, 4, 6, 11, 12, 22, 33, 44, 66, 132, 0, 0, 0, 0, 0 ]
];
$eqs = [
[ -1, 1, 1, 1, 1, 1, 1, 1, 1, 1, 1, 1, 1, 0, 0, 0, 0, 0 ],
[ -1, 0, 1, 0, 2, 1, 0, 2, 1, 0, 2, 1, 2, -2, 0, 0, 0, 0 ],
[ 0, 0, 0, 1, 0, 1, 0, 1, 0, 1, 0, 1, 1, 0, -2, 0, 0, 0 ],
[ 0, 0, 0, 0, 0, 0, 1, 0, 1, 1, 1, 1, 1, 0, 0, -2, 0, 0 ],
[ 0, 1, 2, 3, 4, 6, 11, 12, 22, 33, 44, 66, 132, 0, 0, 0, -24, 0 ],
[ 0, 132, 66, 44, 33, 22, 12, 11, 6, 4, 3, 2, 1, 0, 0, 0, 0, -24 ]
];
$p = new Polytope(INEQUALITIES=>$ieqs, EQUATIONS=>$eqs);
print $p->LATTICE_POINTS;
