[ PowerSequence(IntegerRing()) |
\[ -9, 22, -8, -1, 7, -10 ],
\[ -5, 12, -4, -5, 17, -14 ],
\[ -4, 10, -3, 2, 3, -7 ],
\[ -3, 7, -1, 1, 6, -9 ],
\[ -3, 8, 0, 1, 5, -10 ],
\[ -3, 10, -4, 1, 3, -6 ],
\[ -2, 1, 6, 0, 4, -8 ],
\[ -2, 3, 2, 0, 2, -4 ],
\[ -2, 4, 1, 0, 9, -11 ],
\[ -2, 5, -2, 0, 0, 0 ],
\[ -2, 7, -2, 0, 6, -8 ],
\[ -2, 8, -1, 0, 5, -9 ],
\[ -1, -2, 8, -1, 7, -10 ],
\[ -1, 0, 4, -1, 5, -6 ],
\[ -1, 1, 3, -1, 12, -13 ],
\[ -1, 2, 0, -9, 27, -18 ],
\[ -1, 2, 0, -1, 3, -2 ],
\[ -1, 2, 0, 7, 3, -10 ],
\[ -1, 3, -1, -1, 10, -9 ],
\[ -1, 4, 0, -1, 9, -10 ],
\[ -1, 5, 1, -1, 8, -11 ],
\[ -1, 7, -3, -1, 6, -7 ],
\[ 0, -3, 6, -2, 8, -8 ],
\[ 0, -1, 2, -2, 6, -4 ],
\[ 0, 0, 1, -2, 13, -11 ],
\[ 0, 1, 2, -2, 12, -12 ],
\[ 0, 4, -1, -2, 9, -9 ],
\[ 1, -2, 4, -3, 15, -14 ],
\[ 1, -1, 1, 5, 6, -11 ],
\[ 1, 0, 0, -3, 13, -10 ],
\[ 1, 1, 1, -3, 12, -11 ],
\[ 1, 3, -1, 5, 2, -9 ],
\[ 2, -2, 3, -4, 15, -13 ],
\[ 3, 0, 0, 3, 5, -10 ],
\[ 5, -3, 1, 1, 8, -11 ],
\[ 5, 1, -1, 1, 4, -9 ],
\[ 7, -2, 0, -1, 7, -10 ]
]
