use application "polytope";
use vars '$ieqs', '$eqs', '$p';
$ieqs = [
[ 0, 284, 142, 71, 4, 2, 1, 0, 0, 0, 0 ],
[ 0, 71, 142, 71, 1, 2, 1, 0, 0, 0, 0 ],
[ 0, 71, 142, 284, 1, 2, 4, 0, 0, 0, 0 ],
[ 0, 4, 2, 1, 284, 142, 71, 0, 0, 0, 0 ],
[ 0, 1, 2, 1, 71, 142, 71, 0, 0, 0, 0 ],
[ 2928, 1, 2, 4, 71, 142, 284, 0, 0, 0, 0 ]
];
$eqs = [
[ -1, 1, 1, 1, 1, 1, 1, 0, 0, 0, 0 ],
[ -1, 0, 1, 2, 0, 1, 2, -2, 0, 0, 0 ],
[ 0, 0, 0, 0, 1, 1, 1, 0, -2, 0, 0 ],
[ 0, 1, 2, 4, 71, 142, 284, 0, 0, -24, 0 ],
[ 0, 284, 142, 71, 4, 2, 1, 0, 0, 0, -24 ]
];
$p = new Polytope(INEQUALITIES=>$ieqs, EQUATIONS=>$eqs);
print $p->LATTICE_POINTS;
