[ PowerSequence(IntegerRing()) |
\[ -17, 42, -16, -1, 11, -18 ],
\[ -13, 32, -12, -5, 21, -22 ],
\[ -10, 21, -2, 0, 8, -16 ],
\[ -10, 23, -6, 0, 6, -12 ],
\[ -9, 18, 0, -1, 11, -18 ],
\[ -9, 20, -4, -1, 9, -14 ],
\[ -9, 22, -8, -9, 31, -26 ],
\[ -9, 22, -8, -1, 7, -10 ],
\[ -9, 22, -8, 7, 7, -18 ],
\[ -9, 23, -9, 7, 6, -17 ],
\[ -8, 17, -2, -2, 12, -16 ],
\[ -8, 19, -6, -2, 10, -12 ],
\[ -8, 20, -7, 6, 9, -19 ],
\[ -8, 21, -8, 6, 8, -18 ],
\[ -7, 14, 0, -3, 15, -18 ],
\[ -7, 16, -4, -3, 13, -14 ],
\[ -7, 18, -6, 5, 11, -20 ],
\[ -7, 19, -7, 5, 10, -19 ],
\[ -7, 20, -8, 5, 9, -18 ],
\[ -7, 22, -8, 5, 7, -18 ],
\[ -7, 23, -9, 5, 6, -17 ],
\[ -6, 11, 2, -4, 18, -20 ],
\[ -6, 13, -2, -4, 16, -16 ],
\[ -6, 17, -6, 4, 12, -20 ],
\[ -6, 18, -7, 4, 11, -19 ],
\[ -6, 21, -8, 4, 8, -18 ],
\[ -6, 22, -9, 4, 7, -17 ],
\[ -5, 8, 4, -5, 21, -22 ],
\[ -5, 10, 0, -5, 19, -18 ],
\[ -5, 12, -4, -13, 41, -30 ],
\[ -5, 12, -4, -5, 17, -14 ],
\[ -5, 12, -4, 3, 17, -22 ],
\[ -5, 13, -5, 3, 16, -21 ],
\[ -5, 15, -5, 3, 14, -21 ],
\[ -5, 16, -6, 3, 13, -20 ],
\[ -5, 17, -7, 3, 12, -19 ],
\[ -5, 19, -7, 3, 10, -19 ],
\[ -5, 20, -8, 3, 9, -18 ],
\[ -5, 21, -9, 3, 8, -17 ],
\[ -4, 7, 2, -6, 22, -20 ],
\[ -4, 9, -2, -6, 20, -16 ],
\[ -4, 10, -3, 2, 19, -23 ],
\[ -4, 11, -4, 2, 18, -22 ],
\[ -4, 14, -5, 2, 15, -21 ],
\[ -4, 15, -6, 2, 14, -20 ],
\[ -4, 18, -7, 2, 11, -19 ],
\[ -4, 19, -8, 2, 10, -18 ],
\[ -3, 4, 4, -7, 25, -22 ],
\[ -3, 6, 0, -7, 23, -18 ],
\[ -3, 8, -2, 1, 21, -24 ],
\[ -3, 9, -3, 1, 20, -23 ],
\[ -3, 10, -4, 1, 19, -22 ],
\[ -3, 12, -4, 1, 17, -22 ],
\[ -3, 13, -5, 1, 16, -21 ],
\[ -3, 14, -6, 1, 15, -20 ],
\[ -3, 16, -6, 1, 13, -20 ],
\[ -3, 17, -7, 1, 12, -19 ],
\[ -3, 18, -8, 1, 11, -18 ],
\[ -3, 20, -8, 1, 9, -18 ],
\[ -3, 21, -9, 1, 8, -17 ],
\[ -2, -3, 14, 0, 8, -16 ],
\[ -2, -1, 10, 0, 6, -12 ],
\[ -2, 1, 6, -8, 28, -24 ],
\[ -2, 1, 6, 0, 4, -8 ],
\[ -2, 1, 6, 8, 4, -16 ],
\[ -2, 3, 2, -8, 26, -20 ],
\[ -2, 3, 2, 0, 2, -4 ],
\[ -2, 3, 2, 8, 2, -12 ],
\[ -2, 5, -2, 0, 0, 0 ],
\[ -2, 7, -2, 0, 22, -24 ],
\[ -2, 8, -3, 0, 21, -23 ],
\[ -2, 11, -4, 0, 18, -22 ],
\[ -2, 12, -5, 0, 17, -21 ],
\[ -2, 15, -6, 0, 14, -20 ],
\[ -2, 16, -7, 0, 13, -19 ],
\[ -2, 19, -8, 0, 10, -18 ],
\[ -2, 20, -9, 0, 9, -17 ],
\[ -1, -6, 16, -1, 11, -18 ],
\[ -1, -4, 12, -1, 9, -14 ],
\[ -1, -2, 8, -9, 31, -26 ],
\[ -1, -2, 8, -1, 7, -10 ],
\[ -1, -2, 8, 7, 7, -18 ],
\[ -1, -1, 7, 7, 6, -17 ],
\[ -1, 0, 4, -9, 29, -22 ],
\[ -1, 0, 4, -1, 5, -6 ],
\[ -1, 0, 4, 7, 5, -14 ],
\[ -1, 0, 6, 7, 5, -16 ],
\[ -1, 1, 3, 7, 4, -13 ],
\[ -1, 1, 5, 7, 4, -15 ],
\[ -1, 2, 0, -17, 51, -34 ],
\[ -1, 2, 0, -9, 27, -18 ],
\[ -1, 2, 0, -1, 3, -2 ],
\[ -1, 2, 0, -1, 27, -26 ],
\[ -1, 2, 0, 7, 3, -10 ],
\[ -1, 2, 0, 15, 3, -18 ],
\[ -1, 2, 2, 7, 3, -12 ],
\[ -1, 3, -1, -1, 26, -25 ],
\[ -1, 3, -1, 7, 2, -9 ],
\[ -1, 3, -1, 15, 2, -17 ],
\[ -1, 3, 1, 7, 2, -11 ],
\[ -1, 5, -1, -1, 24, -25 ],
\[ -1, 6, -2, -1, 23, -24 ],
\[ -1, 7, -3, -1, 22, -23 ],
\[ -1, 9, -3, -1, 20, -23 ],
\[ -1, 10, -4, -1, 19, -22 ],
\[ -1, 11, -5, -1, 18, -21 ],
\[ -1, 13, -5, -1, 16, -21 ],
\[ -1, 14, -6, -1, 15, -20 ],
\[ -1, 15, -7, -1, 14, -19 ],
\[ -1, 17, -7, -1, 12, -19 ],
\[ -1, 18, -8, -1, 11, -18 ],
\[ 0, -7, 14, -2, 12, -16 ],
\[ 0, -5, 10, -2, 10, -12 ],
\[ 0, -4, 9, 6, 9, -19 ],
\[ 0, -3, 6, -10, 32, -24 ],
\[ 0, -3, 6, -2, 8, -8 ],
\[ 0, -3, 6, 6, 8, -16 ],
\[ 0, -3, 8, 6, 8, -18 ],
\[ 0, -2, 5, 6, 7, -15 ],
\[ 0, -2, 7, 6, 7, -17 ],
\[ 0, -1, 2, -10, 30, -20 ],
\[ 0, -1, 2, -2, 6, -4 ],
\[ 0, -1, 2, 6, 6, -12 ],
\[ 0, -1, 4, 6, 6, -14 ],
\[ 0, -1, 6, 6, 6, -16 ],
\[ 0, 0, 1, -2, 29, -27 ],
\[ 0, 0, 1, 6, 5, -11 ],
\[ 0, 0, 1, 14, 5, -19 ],
\[ 0, 0, 3, 6, 5, -13 ],
\[ 0, 0, 5, 6, 5, -15 ],
\[ 0, 1, 0, -2, 28, -26 ],
\[ 0, 1, 0, 6, 4, -10 ],
\[ 0, 1, 0, 14, 4, -18 ],
\[ 0, 1, 2, 6, 4, -12 ],
\[ 0, 1, 4, 6, 4, -14 ],
\[ 0, 2, 1, 6, 3, -11 ],
\[ 0, 3, 0, 6, 2, -10 ],
\[ 0, 4, -1, -2, 25, -25 ],
\[ 0, 5, -2, -2, 24, -24 ],
\[ 0, 8, -3, -2, 21, -23 ],
\[ 0, 9, -4, -2, 20, -22 ],
\[ 0, 12, -5, -2, 17, -21 ],
\[ 0, 13, -6, -2, 16, -20 ],
\[ 1, -5, 9, 5, 10, -19 ],
\[ 1, -4, 8, 5, 9, -18 ],
\[ 1, -3, 5, 5, 8, -15 ],
\[ 1, -3, 7, 5, 8, -17 ],
\[ 1, -2, 4, 5, 7, -14 ],
\[ 1, -2, 6, 5, 7, -16 ],
\[ 1, -2, 8, 5, 7, -18 ],
\[ 1, -1, 1, -3, 30, -27 ],
\[ 1, -1, 1, 5, 6, -11 ],
\[ 1, -1, 1, 13, 6, -19 ],
\[ 1, -1, 3, 5, 6, -13 ],
\[ 1, -1, 5, 5, 6, -15 ],
\[ 1, -1, 7, 5, 6, -17 ],
\[ 1, 0, 0, -3, 29, -26 ],
\[ 1, 0, 0, 5, 5, -10 ],
\[ 1, 0, 0, 13, 5, -18 ],
\[ 1, 0, 2, 5, 5, -12 ],
\[ 1, 0, 4, 5, 5, -14 ],
\[ 1, 1, 1, 5, 4, -11 ],
\[ 1, 1, 3, 5, 4, -13 ],
\[ 1, 2, 0, -3, 27, -26 ],
\[ 1, 2, 0, 5, 3, -10 ],
\[ 1, 2, 0, 13, 3, -18 ],
\[ 1, 3, -1, -3, 26, -25 ],
\[ 1, 3, -1, 5, 2, -9 ],
\[ 1, 3, -1, 13, 2, -17 ],
\[ 1, 4, -2, -3, 25, -24 ],
\[ 1, 6, -2, -3, 23, -24 ],
\[ 1, 7, -3, -3, 22, -23 ],
\[ 1, 8, -4, -3, 21, -22 ],
\[ 1, 10, -4, -3, 19, -22 ],
\[ 1, 11, -5, -3, 18, -21 ],
\[ 1, 12, -6, -3, 17, -20 ],
\[ 2, -5, 8, 4, 10, -18 ],
\[ 2, -4, 7, 4, 9, -17 ],
\[ 2, -3, 4, 4, 8, -14 ],
\[ 2, -3, 6, 4, 8, -16 ],
\[ 2, -3, 8, 4, 8, -18 ],
\[ 2, -2, 3, 4, 7, -13 ],
\[ 2, -2, 5, 4, 7, -15 ],
\[ 2, -2, 7, 4, 7, -17 ],
\[ 2, -1, 2, 4, 6, -12 ],
\[ 2, -1, 4, 4, 6, -14 ],
\[ 2, -1, 6, 4, 6, -16 ],
\[ 2, 0, 1, 4, 5, -11 ],
\[ 2, 0, 3, 4, 5, -13 ],
\[ 2, 1, 0, -4, 28, -26 ],
\[ 2, 1, 0, 4, 4, -10 ],
\[ 2, 1, 0, 12, 4, -18 ],
\[ 2, 1, 2, 4, 4, -12 ],
\[ 2, 2, -1, -4, 27, -25 ],
\[ 2, 2, -1, 4, 3, -9 ],
\[ 2, 2, -1, 12, 3, -17 ],
\[ 2, 5, -2, -4, 24, -24 ],
\[ 2, 6, -3, -4, 23, -23 ],
\[ 2, 9, -4, -4, 20, -22 ],
\[ 2, 10, -5, -4, 19, -21 ],
\[ 3, -5, 7, 3, 10, -17 ],
\[ 3, -5, 9, 3, 10, -19 ],
\[ 3, -4, 6, 3, 9, -16 ],
\[ 3, -4, 8, 3, 9, -18 ],
\[ 3, -3, 3, 3, 8, -13 ],
\[ 3, -3, 5, 3, 8, -15 ],
\[ 3, -3, 7, 3, 8, -17 ],
\[ 3, -2, 2, 3, 7, -12 ],
\[ 3, -2, 4, 3, 7, -14 ],
\[ 3, -2, 6, 3, 7, -16 ],
\[ 3, -1, 1, -5, 30, -27 ],
\[ 3, -1, 1, 3, 6, -11 ],
\[ 3, -1, 1, 11, 6, -19 ],
\[ 3, -1, 3, 3, 6, -13 ],
\[ 3, -1, 5, 3, 6, -15 ],
\[ 3, 0, 0, -5, 29, -26 ],
\[ 3, 0, 0, 3, 5, -10 ],
\[ 3, 0, 0, 11, 5, -18 ],
\[ 3, 0, 2, 3, 5, -12 ],
\[ 3, 1, -1, -5, 28, -25 ],
\[ 3, 1, -1, 3, 4, -9 ],
\[ 3, 1, -1, 11, 4, -17 ],
\[ 3, 1, 1, 3, 4, -11 ],
\[ 3, 3, -1, -5, 26, -25 ],
\[ 3, 4, -2, -5, 25, -24 ],
\[ 3, 5, -3, -5, 24, -23 ],
\[ 3, 7, -3, -5, 22, -23 ],
\[ 3, 8, -4, -5, 21, -22 ],
\[ 4, -6, 9, 2, 11, -19 ],
\[ 4, -5, 6, 2, 10, -16 ],
\[ 4, -5, 8, 2, 10, -18 ],
\[ 4, -4, 5, 2, 9, -15 ],
\[ 4, -4, 7, 2, 9, -17 ],
\[ 4, -3, 2, 2, 8, -12 ],
\[ 4, -3, 4, 2, 8, -14 ],
\[ 4, -3, 6, 2, 8, -16 ],
\[ 4, -2, 1, -6, 31, -27 ],
\[ 4, -2, 1, 2, 7, -11 ],
\[ 4, -2, 1, 10, 7, -19 ],
\[ 4, -2, 3, 2, 7, -13 ],
\[ 4, -2, 5, 2, 7, -15 ],
\[ 4, -1, 0, -6, 30, -26 ],
\[ 4, -1, 0, 2, 6, -10 ],
\[ 4, -1, 0, 10, 6, -18 ],
\[ 4, -1, 2, 2, 6, -12 ],
\[ 4, -1, 4, 2, 6, -14 ],
\[ 4, 0, 1, 2, 5, -11 ],
\[ 4, 1, 0, 2, 4, -10 ],
\[ 4, 2, -1, -6, 27, -25 ],
\[ 4, 3, -2, -6, 26, -24 ],
\[ 5, -7, 9, 1, 12, -19 ],
\[ 5, -6, 8, 1, 11, -18 ],
\[ 5, -5, 5, 1, 10, -15 ],
\[ 5, -5, 7, 1, 10, -17 ],
\[ 5, -4, 4, 1, 9, -14 ],
\[ 5, -4, 6, 1, 9, -16 ],
\[ 5, -4, 8, 1, 9, -18 ],
\[ 5, -3, 1, -7, 32, -27 ],
\[ 5, -3, 1, 1, 8, -11 ],
\[ 5, -3, 1, 9, 8, -19 ],
\[ 5, -3, 3, 1, 8, -13 ],
\[ 5, -3, 5, 1, 8, -15 ],
\[ 5, -3, 7, 1, 8, -17 ],
\[ 5, -2, 0, -7, 31, -26 ],
\[ 5, -2, 0, 1, 7, -10 ],
\[ 5, -2, 0, 9, 7, -18 ],
\[ 5, -2, 2, 1, 7, -12 ],
\[ 5, -2, 4, 1, 7, -14 ],
\[ 5, -1, 1, 1, 6, -11 ],
\[ 5, -1, 3, 1, 6, -13 ],
\[ 5, 0, 0, -7, 29, -26 ],
\[ 5, 0, 0, 1, 5, -10 ],
\[ 5, 0, 0, 9, 5, -18 ],
\[ 5, 1, -1, -7, 28, -25 ],
\[ 5, 1, -1, 1, 4, -9 ],
\[ 5, 1, -1, 9, 4, -17 ],
\[ 5, 2, -2, -7, 27, -24 ],
\[ 6, -7, 8, 0, 12, -18 ],
\[ 6, -6, 7, 0, 11, -17 ],
\[ 6, -5, 4, 0, 10, -14 ],
\[ 6, -5, 6, 0, 10, -16 ],
\[ 6, -5, 8, 0, 10, -18 ],
\[ 6, -4, 3, 0, 9, -13 ],
\[ 6, -4, 5, 0, 9, -15 ],
\[ 6, -4, 7, 0, 9, -17 ],
\[ 6, -3, 2, 0, 8, -12 ],
\[ 6, -3, 4, 0, 8, -14 ],
\[ 6, -3, 6, 0, 8, -16 ],
\[ 6, -2, 1, 0, 7, -11 ],
\[ 6, -2, 3, 0, 7, -13 ],
\[ 6, -1, 0, -8, 30, -26 ],
\[ 6, -1, 0, 0, 6, -10 ],
\[ 6, -1, 0, 8, 6, -18 ],
\[ 6, -1, 2, 0, 6, -12 ],
\[ 6, 0, -1, -8, 29, -25 ],
\[ 6, 0, -1, 0, 5, -9 ],
\[ 6, 0, -1, 8, 5, -17 ],
\[ 7, -7, 7, -1, 12, -17 ],
\[ 7, -7, 9, -1, 12, -19 ],
\[ 7, -6, 6, -1, 11, -16 ],
\[ 7, -6, 8, -1, 11, -18 ],
\[ 7, -5, 3, -1, 10, -13 ],
\[ 7, -5, 5, -1, 10, -15 ],
\[ 7, -4, 2, -1, 9, -12 ],
\[ 7, -4, 4, -1, 9, -14 ],
\[ 7, -3, 1, -9, 32, -27 ],
\[ 7, -3, 1, -1, 8, -11 ],
\[ 7, -3, 1, 7, 8, -19 ],
\[ 7, -2, 0, -9, 31, -26 ],
\[ 7, -2, 0, -1, 7, -10 ],
\[ 7, -2, 0, 7, 7, -18 ],
\[ 7, -1, -1, 7, 6, -17 ],
\[ 8, -7, 6, -2, 12, -16 ],
\[ 8, -5, 2, -2, 10, -12 ],
\[ 8, -4, 1, 6, 9, -19 ],
\[ 8, -3, 0, 6, 8, -18 ],
\[ 9, -5, 1, 5, 10, -19 ],
\[ 9, -4, 0, 5, 9, -18 ],
\[ 9, -2, 0, 5, 7, -18 ],
\[ 9, -1, -1, 5, 6, -17 ],
\[ 10, -3, 0, 4, 8, -18 ],
\[ 10, -2, -1, 4, 7, -17 ],
\[ 11, -5, 1, 3, 10, -19 ],
\[ 11, -4, 0, 3, 9, -18 ],
\[ 11, -3, -1, 3, 8, -17 ],
\[ 12, -6, 1, 2, 11, -19 ],
\[ 12, -5, 0, 2, 10, -18 ],
\[ 13, -7, 1, 1, 12, -19 ],
\[ 13, -6, 0, 1, 11, -18 ],
\[ 13, -4, 0, 1, 9, -18 ],
\[ 13, -3, -1, 1, 8, -17 ],
\[ 14, -5, 0, 0, 10, -18 ],
\[ 14, -4, -1, 0, 9, -17 ],
\[ 15, -7, 1, -1, 12, -19 ],
\[ 15, -6, 0, -1, 11, -18 ]
]
