use application "polytope";
use vars '$ieqs', '$eqs', '$p';
$ieqs = [
[ 0, 76, 38, 19, 4, 2, 1, 0, 0, 0, 0 ],
[ 0, 19, 38, 19, 1, 2, 1, 0, 0, 0, 0 ],
[ 0, 19, 38, 76, 1, 2, 4, 0, 0, 0, 0 ],
[ 0, 4, 2, 1, 76, 38, 19, 0, 0, 0, 0 ],
[ 0, 1, 2, 1, 19, 38, 19, 0, 0, 0, 0 ],
[ 312, 1, 2, 4, 19, 38, 76, 0, 0, 0, 0 ]
];
$eqs = [
[ -1, 1, 1, 1, 1, 1, 1, 0, 0, 0, 0 ],
[ -1, 0, 1, 2, 0, 1, 2, -2, 0, 0, 0 ],
[ 0, 0, 0, 0, 1, 1, 1, 0, -2, 0, 0 ],
[ 0, 1, 2, 4, 19, 38, 76, 0, 0, -24, 0 ],
[ 0, 76, 38, 19, 4, 2, 1, 0, 0, 0, -24 ]
];
$p = new Polytope(INEQUALITIES=>$ieqs, EQUATIONS=>$eqs);
print $p->LATTICE_POINTS;
