[ PowerSequence(IntegerRing()) |
\[ -10, 23, -6, 0, 6, -12 ],
\[ -9, 20, -4, -1, 9, -14 ],
\[ -9, 22, -8, -1, 7, -10 ],
\[ -8, 19, -6, -2, 10, -12 ],
\[ -7, 16, -4, -3, 13, -14 ],
\[ -6, 13, -2, -4, 16, -16 ],
\[ -6, 15, -4, 4, 6, -14 ],
\[ -5, 10, 0, -5, 19, -18 ],
\[ -5, 12, -4, -5, 17, -14 ],
\[ -5, 15, -5, 3, 6, -13 ],
\[ -4, 8, 1, 2, 5, -11 ],
\[ -4, 9, -2, -6, 20, -16 ],
\[ -4, 10, -3, 2, 3, -7 ],
\[ -4, 11, -4, 2, 10, -14 ],
\[ -4, 12, -3, 2, 9, -15 ],
\[ -4, 15, -6, 2, 6, -12 ],
\[ -3, 5, 3, 1, 8, -13 ],
\[ -3, 6, 0, -7, 23, -18 ],
\[ -3, 6, 4, 1, 7, -14 ],
\[ -3, 7, -1, 1, 6, -9 ],
\[ -3, 8, -2, 1, 13, -16 ],
\[ -3, 8, 0, 1, 5, -10 ],
\[ -3, 10, -4, 1, 3, -6 ],
\[ -3, 12, -4, 1, 9, -14 ],
\[ -2, -1, 10, 0, 6, -12 ],
\[ -2, 1, 6, 0, 4, -8 ],
\[ -2, 2, 5, 0, 11, -15 ],
\[ -2, 3, 2, -8, 26, -20 ],
\[ -2, 3, 2, 0, 2, -4 ],
\[ -2, 3, 2, 8, 2, -12 ],
\[ -2, 4, 1, 0, 9, -11 ],
\[ -2, 5, -2, 0, 0, 0 ],
\[ -2, 5, 0, 0, 16, -18 ],
\[ -2, 5, 2, 0, 8, -12 ],
\[ -2, 6, 3, 0, 7, -13 ],
\[ -2, 7, -2, 0, 6, -8 ],
\[ -2, 8, -3, 0, 13, -15 ],
\[ -2, 8, -1, 0, 5, -9 ],
\[ -2, 9, -2, 0, 12, -16 ],
\[ -2, 12, -5, 0, 9, -13 ],
\[ -2, 13, -4, 0, 8, -14 ],
\[ -1, -4, 12, -1, 9, -14 ],
\[ -1, -2, 8, -1, 7, -10 ],
\[ -1, -1, 7, -1, 14, -17 ],
\[ -1, 0, 4, -9, 29, -22 ],
\[ -1, 0, 4, -1, 5, -6 ],
\[ -1, 0, 4, 7, 5, -14 ],
\[ -1, 1, 3, -1, 12, -13 ],
\[ -1, 2, 0, -9, 27, -18 ],
\[ -1, 2, 0, -1, 3, -2 ],
\[ -1, 2, 0, 7, 3, -10 ],
\[ -1, 2, 4, -1, 11, -14 ],
\[ -1, 3, -1, -1, 10, -9 ],
\[ -1, 3, 1, 7, 2, -11 ],
\[ -1, 3, 5, -1, 10, -15 ],
\[ -1, 4, 0, -1, 9, -10 ],
\[ -1, 5, -1, -1, 16, -17 ],
\[ -1, 5, 1, -1, 8, -11 ],
\[ -1, 7, -3, -1, 6, -7 ],
\[ -1, 9, -3, -1, 12, -15 ],
\[ 0, -5, 10, -2, 10, -12 ],
\[ 0, -3, 6, -2, 8, -8 ],
\[ 0, -2, 5, -2, 15, -15 ],
\[ 0, -1, 2, -10, 30, -20 ],
\[ 0, -1, 2, -2, 6, -4 ],
\[ 0, -1, 2, 6, 6, -12 ],
\[ 0, -1, 6, -2, 14, -16 ],
\[ 0, 0, 1, -2, 13, -11 ],
\[ 0, 0, 3, 6, 5, -13 ],
\[ 0, 1, 0, -2, 20, -18 ],
\[ 0, 1, 2, -2, 12, -12 ],
\[ 0, 2, 1, -2, 19, -19 ],
\[ 0, 2, 3, -2, 11, -13 ],
\[ 0, 3, 0, 6, 2, -10 ],
\[ 0, 4, -1, -2, 9, -9 ],
\[ 0, 5, -2, -2, 16, -16 ],
\[ 0, 6, -1, -2, 15, -17 ],
\[ 0, 9, -4, -2, 12, -14 ],
\[ 1, -4, 8, -3, 17, -18 ],
\[ 1, -3, 5, 5, 8, -15 ],
\[ 1, -2, 4, -3, 15, -14 ],
\[ 1, -1, 1, 5, 6, -11 ],
\[ 1, -1, 5, -3, 14, -15 ],
\[ 1, 0, 0, -3, 13, -10 ],
\[ 1, 0, 2, 5, 5, -12 ],
\[ 1, 1, 1, -3, 12, -11 ],
\[ 1, 1, 3, 5, 4, -13 ],
\[ 1, 2, 0, -3, 19, -18 ],
\[ 1, 3, -1, 5, 2, -9 ],
\[ 1, 6, -2, -3, 15, -16 ],
\[ 2, -4, 7, -4, 17, -17 ],
\[ 2, -3, 4, 4, 8, -14 ],
\[ 2, -2, 3, -4, 15, -13 ],
\[ 2, -1, 2, -4, 22, -20 ],
\[ 2, 0, 1, 4, 5, -11 ],
\[ 2, 1, 2, 4, 4, -12 ],
\[ 2, 2, -1, -4, 19, -17 ],
\[ 2, 3, 0, -4, 18, -18 ],
\[ 3, -3, 3, 3, 8, -13 ],
\[ 3, -2, 4, 3, 7, -14 ],
\[ 3, -1, 1, -5, 22, -19 ],
\[ 3, 0, 0, 3, 5, -10 ],
\[ 3, 1, 1, 3, 4, -11 ],
\[ 4, -3, 2, 2, 8, -12 ],
\[ 4, -2, 3, 2, 7, -13 ],
\[ 4, -1, 0, -6, 22, -18 ],
\[ 4, 1, 0, 2, 4, -10 ],
\[ 5, -5, 5, 1, 10, -15 ],
\[ 5, -3, 1, 1, 8, -11 ],
\[ 5, -2, 2, 1, 7, -12 ],
\[ 5, -1, 3, 1, 6, -13 ],
\[ 5, 1, -1, 1, 4, -9 ],
\[ 6, -5, 4, 0, 10, -14 ],
\[ 6, -2, 1, 0, 7, -11 ],
\[ 6, -1, 2, 0, 6, -12 ],
\[ 7, -5, 3, -1, 10, -13 ],
\[ 7, -4, 4, -1, 9, -14 ],
\[ 7, -2, 0, -1, 7, -10 ],
\[ 8, -5, 2, -2, 10, -12 ]
]
