use application "polytope";
use vars '$ieqs', '$eqs', '$p';
$ieqs = [
[ 0, 60, 30, 20, 15, 12, 10, 6, 5, 4, 3, 2, 1, 0, 0, 0, 0, 0 ],
[ 0, 15, 30, 5, 15, 3, 10, 6, 5, 1, 3, 2, 1, 0, 0, 0, 0, 0 ],
[ 0, 20, 10, 60, 5, 4, 30, 2, 15, 12, 1, 6, 3, 0, 0, 0, 0, 0 ],
[ 0, 15, 30, 5, 60, 3, 10, 6, 20, 1, 12, 2, 4, 0, 0, 0, 0, 0 ],
[ 0, 12, 6, 4, 3, 60, 2, 30, 1, 20, 15, 10, 5, 0, 0, 0, 0, 0 ],
[ 0, 5, 10, 15, 5, 1, 30, 2, 15, 3, 1, 6, 3, 0, 0, 0, 0, 0 ],
[ 0, 3, 6, 1, 3, 15, 2, 30, 1, 5, 15, 10, 5, 0, 0, 0, 0, 0 ],
[ 0, 5, 10, 15, 20, 1, 30, 2, 60, 3, 4, 6, 12, 0, 0, 0, 0, 0 ],
[ 0, 4, 2, 12, 1, 20, 6, 10, 3, 60, 5, 30, 15, 0, 0, 0, 0, 0 ],
[ 0, 3, 6, 1, 12, 15, 2, 30, 4, 5, 60, 10, 20, 0, 0, 0, 0, 0 ],
[ 0, 1, 2, 3, 1, 5, 6, 10, 3, 15, 5, 30, 15, 0, 0, 0, 0, 0 ],
[ 264, 1, 2, 3, 4, 5, 6, 10, 12, 15, 20, 30, 60, 0, 0, 0, 0, 0 ]
];
$eqs = [
[ -1, 1, 1, 1, 1, 1, 1, 1, 1, 1, 1, 1, 1, 0, 0, 0, 0, 0 ],
[ -1, 0, 1, 0, 2, 0, 1, 1, 2, 0, 2, 1, 2, -2, 0, 0, 0, 0 ],
[ 0, 0, 0, 1, 0, 0, 1, 0, 1, 1, 0, 1, 1, 0, -2, 0, 0, 0 ],
[ 0, 0, 0, 0, 0, 1, 0, 1, 0, 1, 1, 1, 1, 0, 0, -2, 0, 0 ],
[ 0, 1, 2, 3, 4, 5, 6, 10, 12, 15, 20, 30, 60, 0, 0, 0, -24, 0 ],
[ 0, 60, 30, 20, 15, 12, 10, 6, 5, 4, 3, 2, 1, 0, 0, 0, 0, -24 ]
];
$p = new Polytope(INEQUALITIES=>$ieqs, EQUATIONS=>$eqs);
print $p->LATTICE_POINTS;
