use application "polytope";
use vars '$ieqs', '$eqs', '$p';
$ieqs = [
[ 0, 292, 146, 73, 4, 2, 1, 0, 0, 0, 0 ],
[ 0, 73, 146, 73, 1, 2, 1, 0, 0, 0, 0 ],
[ 0, 73, 146, 292, 1, 2, 4, 0, 0, 0, 0 ],
[ 0, 4, 2, 1, 292, 146, 73, 0, 0, 0, 0 ],
[ 0, 1, 2, 1, 73, 146, 73, 0, 0, 0, 0 ],
[ 2136, 1, 2, 4, 73, 146, 292, 0, 0, 0, 0 ]
];
$eqs = [
[ -1, 1, 1, 1, 1, 1, 1, 0, 0, 0, 0 ],
[ -1, 0, 1, 2, 0, 1, 2, -2, 0, 0, 0 ],
[ 0, 0, 0, 0, 1, 1, 1, 0, -2, 0, 0 ],
[ 0, 1, 2, 4, 73, 146, 292, 0, 0, -24, 0 ],
[ 0, 292, 146, 73, 4, 2, 1, 0, 0, 0, -24 ]
];
$p = new Polytope(INEQUALITIES=>$ieqs, EQUATIONS=>$eqs);
print $p->LATTICE_POINTS;
