[ PowerSequence(IntegerRing()) |
\[ -9, 22, -8, -1, 7, -10 ],
\[ -5, 12, -4, -5, 17, -14 ],
\[ -2, 1, 6, 0, 4, -8 ],
\[ -2, 3, 2, 0, 2, -4 ],
\[ -2, 5, -2, 0, 0, 0 ],
\[ -1, -2, 8, -1, 7, -10 ],
\[ -1, 0, 4, -1, 5, -6 ],
\[ -1, 2, 0, -9, 27, -18 ],
\[ -1, 2, 0, -1, 3, -2 ],
\[ -1, 2, 0, 7, 3, -10 ],
\[ -1, 3, -1, 7, 2, -9 ],
\[ 0, -3, 6, -2, 8, -8 ],
\[ 0, -1, 2, -2, 6, -4 ],
\[ 0, 0, 1, 6, 5, -11 ],
\[ 0, 1, 0, 6, 4, -10 ],
\[ 1, -1, 1, 5, 6, -11 ],
\[ 1, 0, 0, 5, 5, -10 ],
\[ 1, 2, 0, 5, 3, -10 ],
\[ 1, 3, -1, 5, 2, -9 ],
\[ 2, 1, 0, 4, 4, -10 ],
\[ 2, 2, -1, 4, 3, -9 ],
\[ 3, -1, 1, 3, 6, -11 ],
\[ 3, 0, 0, 3, 5, -10 ],
\[ 3, 1, -1, 3, 4, -9 ],
\[ 4, -2, 1, 2, 7, -11 ],
\[ 4, -1, 0, 2, 6, -10 ],
\[ 5, -3, 1, 1, 8, -11 ],
\[ 5, -2, 0, 1, 7, -10 ],
\[ 5, 0, 0, 1, 5, -10 ],
\[ 5, 1, -1, 1, 4, -9 ],
\[ 6, -1, 0, 0, 6, -10 ],
\[ 6, 0, -1, 0, 5, -9 ],
\[ 7, -3, 1, -1, 8, -11 ],
\[ 7, -2, 0, -1, 7, -10 ]
]
