use application "polytope";
use vars '$ieqs', '$eqs', '$p';
$ieqs = [
[ 0, 116, 58, 29, 4, 2, 1, 0, 0, 0, 0 ],
[ 0, 29, 58, 29, 1, 2, 1, 0, 0, 0, 0 ],
[ 0, 29, 58, 116, 1, 2, 4, 0, 0, 0, 0 ],
[ 0, 4, 2, 1, 116, 58, 29, 0, 0, 0, 0 ],
[ 0, 1, 2, 1, 29, 58, 29, 0, 0, 0, 0 ],
[ 1080, 1, 2, 4, 29, 58, 116, 0, 0, 0, 0 ]
];
$eqs = [
[ -1, 1, 1, 1, 1, 1, 1, 0, 0, 0, 0 ],
[ -1, 0, 1, 2, 0, 1, 2, -2, 0, 0, 0 ],
[ 0, 0, 0, 0, 1, 1, 1, 0, -2, 0, 0 ],
[ 0, 1, 2, 4, 29, 58, 116, 0, 0, -24, 0 ],
[ 0, 116, 58, 29, 4, 2, 1, 0, 0, 0, -24 ]
];
$p = new Polytope(INEQUALITIES=>$ieqs, EQUATIONS=>$eqs);
print $p->LATTICE_POINTS;
