use application "polytope";
use vars '$ieqs', '$eqs', '$p';
$ieqs = [
[ 0, 412, 206, 103, 4, 2, 1, 0, 0, 0, 0 ],
[ 0, 103, 206, 103, 1, 2, 1, 0, 0, 0, 0 ],
[ 0, 103, 206, 412, 1, 2, 4, 0, 0, 0, 0 ],
[ 0, 4, 2, 1, 412, 206, 103, 0, 0, 0, 0 ],
[ 0, 1, 2, 1, 103, 206, 103, 0, 0, 0, 0 ],
[ 9168, 1, 2, 4, 103, 206, 412, 0, 0, 0, 0 ]
];
$eqs = [
[ -1, 1, 1, 1, 1, 1, 1, 0, 0, 0, 0 ],
[ -1, 0, 1, 2, 0, 1, 2, -2, 0, 0, 0 ],
[ 0, 0, 0, 0, 1, 1, 1, 0, -2, 0, 0 ],
[ 0, 1, 2, 4, 103, 206, 412, 0, 0, -24, 0 ],
[ 0, 412, 206, 103, 4, 2, 1, 0, 0, 0, -24 ]
];
$p = new Polytope(INEQUALITIES=>$ieqs, EQUATIONS=>$eqs);
print $p->LATTICE_POINTS;
