[ PowerSequence(IntegerRing()) |
\[ -11, 26, -8, -1, 9, -14 ],
\[ -11, 27, -9, -1, 10, -15 ],
\[ -10, 23, -6, 0, 6, -12 ],
\[ -10, 24, -7, 0, 7, -13 ],
\[ -10, 25, -8, 0, 8, -14 ],
\[ -9, 23, -7, 1, 6, -13 ],
\[ -9, 24, -8, 1, 7, -14 ],
\[ -7, 16, -4, -5, 19, -18 ],
\[ -7, 17, -5, -5, 20, -19 ],
\[ -6, 13, -2, -4, 16, -16 ],
\[ -6, 14, -3, -4, 17, -17 ],
\[ -6, 15, -4, -4, 18, -18 ],
\[ -5, 10, 0, -3, 13, -14 ],
\[ -5, 11, -1, -3, 14, -15 ],
\[ -5, 12, -4, -3, 11, -10 ],
\[ -5, 12, -2, -3, 15, -16 ],
\[ -5, 13, -5, -3, 12, -11 ],
\[ -5, 13, -3, -3, 16, -17 ],
\[ -5, 14, -4, -3, 17, -18 ],
\[ -4, 7, 2, -2, 10, -12 ],
\[ -4, 8, 1, -2, 11, -13 ],
\[ -4, 9, -2, -2, 8, -8 ],
\[ -4, 9, 0, -2, 12, -14 ],
\[ -4, 10, -3, -2, 9, -9 ],
\[ -4, 10, -1, -2, 13, -15 ],
\[ -4, 11, -4, -2, 10, -10 ],
\[ -4, 11, -2, -2, 14, -16 ],
\[ -4, 12, -3, -2, 15, -17 ],
\[ -3, 2, 8, -1, 9, -14 ],
\[ -3, 3, 7, -1, 10, -15 ],
\[ -3, 4, 4, -1, 7, -10 ],
\[ -3, 5, 3, -1, 8, -11 ],
\[ -3, 6, 0, -9, 29, -22 ],
\[ -3, 6, 0, -1, 5, -6 ],
\[ -3, 6, 0, 7, 5, -14 ],
\[ -3, 6, 2, -1, 9, -12 ],
\[ -3, 7, -1, -9, 30, -23 ],
\[ -3, 7, -1, -1, 6, -7 ],
\[ -3, 7, -1, 7, 6, -15 ],
\[ -3, 7, 1, -1, 10, -13 ],
\[ -3, 8, -2, -1, 7, -8 ],
\[ -3, 8, 0, -1, 11, -14 ],
\[ -3, 9, -3, -1, 8, -9 ],
\[ -3, 9, -1, -1, 12, -15 ],
\[ -3, 10, -4, -1, 9, -10 ],
\[ -3, 10, -2, -1, 13, -16 ],
\[ -3, 11, -3, -1, 14, -17 ],
\[ -2, -1, 10, 0, 6, -12 ],
\[ -2, 0, 9, 0, 7, -13 ],
\[ -2, 1, 6, 0, 4, -8 ],
\[ -2, 1, 8, 0, 8, -14 ],
\[ -2, 2, 5, 0, 5, -9 ],
\[ -2, 3, 2, -8, 26, -20 ],
\[ -2, 3, 2, 0, 2, -4 ],
\[ -2, 3, 2, 8, 2, -12 ],
\[ -2, 3, 4, 0, 6, -10 ],
\[ -2, 4, 1, -8, 27, -21 ],
\[ -2, 4, 1, 0, 3, -5 ],
\[ -2, 4, 1, 8, 3, -13 ],
\[ -2, 4, 3, 0, 7, -11 ],
\[ -2, 5, -2, 0, 0, 0 ],
\[ -2, 5, 0, -8, 28, -22 ],
\[ -2, 5, 0, 0, 4, -6 ],
\[ -2, 5, 0, 8, 4, -14 ],
\[ -2, 5, 2, 0, 8, -12 ],
\[ -2, 6, -1, 0, 5, -7 ],
\[ -2, 6, 1, 0, 9, -13 ],
\[ -2, 7, -2, 0, 6, -8 ],
\[ -2, 7, 0, 0, 10, -14 ],
\[ -2, 8, -3, 0, 7, -9 ],
\[ -2, 8, -1, 0, 11, -15 ],
\[ -2, 9, -2, 0, 12, -16 ],
\[ -1, -1, 9, 1, 6, -13 ],
\[ -1, 0, 4, -7, 23, -18 ],
\[ -1, 0, 8, 1, 7, -14 ],
\[ -1, 1, 3, -7, 24, -19 ],
\[ -1, 1, 5, 1, 4, -9 ],
\[ -1, 2, 0, -7, 21, -14 ],
\[ -1, 2, 2, -7, 25, -20 ],
\[ -1, 2, 4, 1, 5, -10 ],
\[ -1, 3, -1, -7, 22, -15 ],
\[ -1, 3, 1, -7, 26, -21 ],
\[ -1, 3, 1, 1, 2, -5 ],
\[ -1, 3, 1, 9, 2, -13 ],
\[ -1, 3, 3, 1, 6, -11 ],
\[ -1, 4, 0, -7, 27, -22 ],
\[ -1, 4, 0, 1, 3, -6 ],
\[ -1, 4, 0, 9, 3, -14 ],
\[ -1, 4, 2, 1, 7, -12 ],
\[ -1, 5, -1, 1, 4, -7 ],
\[ -1, 5, 1, 1, 8, -13 ],
\[ -1, 6, -2, 1, 5, -8 ],
\[ -1, 6, 0, 1, 9, -14 ],
\[ -1, 7, -3, 1, 6, -9 ],
\[ -1, 7, -1, 1, 10, -15 ],
\[ -1, 8, -2, 1, 11, -16 ],
\[ 0, -3, 6, -6, 20, -16 ],
\[ 0, -2, 5, -6, 21, -17 ],
\[ 0, -1, 2, -6, 18, -12 ],
\[ 0, -1, 4, -6, 22, -18 ],
\[ 0, 0, 1, -6, 19, -13 ],
\[ 0, 0, 3, -6, 23, -19 ],
\[ 0, 1, 0, -6, 20, -14 ],
\[ 0, 1, 2, -6, 24, -20 ],
\[ 0, 1, 4, 2, 4, -10 ],
\[ 0, 2, 1, -6, 25, -21 ],
\[ 0, 2, 3, 2, 5, -11 ],
\[ 0, 3, 0, 2, 2, -6 ],
\[ 0, 3, 2, 2, 6, -12 ],
\[ 0, 4, -1, 2, 3, -7 ],
\[ 0, 4, 1, 2, 7, -13 ],
\[ 0, 5, -2, 2, 4, -8 ],
\[ 0, 5, 0, 2, 8, -14 ],
\[ 0, 6, -1, 2, 9, -15 ],
\[ 1, -3, 5, -5, 20, -17 ],
\[ 1, -2, 4, -5, 21, -18 ],
\[ 1, -1, 1, -5, 18, -13 ],
\[ 1, -1, 3, -5, 22, -19 ],
\[ 1, 0, 0, -5, 19, -14 ],
\[ 1, 0, 2, -5, 23, -20 ],
\[ 1, 1, 1, -5, 24, -21 ],
\[ 1, 1, 3, 3, 4, -11 ],
\[ 1, 2, 2, 3, 5, -12 ],
\[ 1, 3, -1, 3, 2, -7 ],
\[ 1, 3, 1, 3, 6, -13 ],
\[ 1, 4, -2, 3, 3, -8 ],
\[ 1, 4, 0, 3, 7, -14 ],
\[ 1, 5, -1, 3, 8, -15 ],
\[ 2, -3, 4, -4, 20, -18 ],
\[ 2, -2, 3, -4, 21, -19 ],
\[ 2, -1, 2, -4, 22, -20 ],
\[ 2, 1, 2, 4, 4, -12 ],
\[ 2, 2, 1, 4, 5, -13 ],
\[ 2, 3, 0, 4, 6, -14 ],
\[ 3, -3, 3, -3, 20, -19 ],
\[ 3, -2, 2, -3, 21, -20 ],
\[ 3, 1, 1, 5, 4, -13 ],
\[ 3, 2, 0, 5, 5, -14 ],
\[ 5, 2, 0, -1, 9, -14 ],
\[ 5, 3, -1, -1, 10, -15 ],
\[ 6, -1, 2, 0, 6, -12 ],
\[ 6, 0, 1, 0, 7, -13 ],
\[ 6, 1, 0, 0, 8, -14 ],
\[ 7, -1, 1, 1, 6, -13 ],
\[ 7, 0, 0, 1, 7, -14 ]
]
