use application "polytope";
use vars '$ieqs', '$eqs', '$p';
$ieqs = [
[ 0, 348, 174, 116, 87, 58, 29, 12, 6, 4, 3, 2, 1, 0, 0, 0, 0, 0 ],
[ 0, 87, 174, 29, 87, 58, 29, 3, 6, 1, 3, 2, 1, 0, 0, 0, 0, 0 ],
[ 0, 116, 58, 348, 29, 174, 87, 4, 2, 12, 1, 6, 3, 0, 0, 0, 0, 0 ],
[ 0, 87, 174, 29, 348, 58, 116, 3, 6, 1, 12, 2, 4, 0, 0, 0, 0, 0 ],
[ 0, 29, 58, 87, 29, 174, 87, 1, 2, 3, 1, 6, 3, 0, 0, 0, 0, 0 ],
[ 0, 29, 58, 87, 116, 174, 348, 1, 2, 3, 4, 6, 12, 0, 0, 0, 0, 0 ],
[ 0, 12, 6, 4, 3, 2, 1, 348, 174, 116, 87, 58, 29, 0, 0, 0, 0, 0 ],
[ 0, 3, 6, 1, 3, 2, 1, 87, 174, 29, 87, 58, 29, 0, 0, 0, 0, 0 ],
[ 0, 4, 2, 12, 1, 6, 3, 116, 58, 348, 29, 174, 87, 0, 0, 0, 0, 0 ],
[ 0, 3, 6, 1, 12, 2, 4, 87, 174, 29, 348, 58, 116, 0, 0, 0, 0, 0 ],
[ 0, 1, 2, 3, 1, 6, 3, 29, 58, 87, 29, 174, 87, 0, 0, 0, 0, 0 ],
[ 1992, 1, 2, 3, 4, 6, 12, 29, 58, 87, 116, 174, 348, 0, 0, 0, 0, 0 ]
];
$eqs = [
[ -1, 1, 1, 1, 1, 1, 1, 1, 1, 1, 1, 1, 1, 0, 0, 0, 0, 0 ],
[ -1, 0, 1, 0, 2, 1, 2, 0, 1, 0, 2, 1, 2, -2, 0, 0, 0, 0 ],
[ 0, 0, 0, 1, 0, 1, 1, 0, 0, 1, 0, 1, 1, 0, -2, 0, 0, 0 ],
[ 0, 0, 0, 0, 0, 0, 0, 1, 1, 1, 1, 1, 1, 0, 0, -2, 0, 0 ],
[ 0, 1, 2, 3, 4, 6, 12, 29, 58, 87, 116, 174, 348, 0, 0, 0, -24, 0 ],
[ 0, 348, 174, 116, 87, 58, 29, 12, 6, 4, 3, 2, 1, 0, 0, 0, 0, -24 ]
];
$p = new Polytope(INEQUALITIES=>$ieqs, EQUATIONS=>$eqs);
print $p->LATTICE_POINTS;
