use application "polytope";
use vars '$ieqs', '$eqs', '$p';
$ieqs = [
[ 0, 84, 42, 28, 21, 14, 12, 7, 6, 4, 3, 2, 1, 0, 0, 0, 0, 0 ],
[ 0, 21, 42, 7, 21, 14, 3, 7, 6, 1, 3, 2, 1, 0, 0, 0, 0, 0 ],
[ 0, 28, 14, 84, 7, 42, 4, 21, 2, 12, 1, 6, 3, 0, 0, 0, 0, 0 ],
[ 0, 21, 42, 7, 84, 14, 3, 28, 6, 1, 12, 2, 4, 0, 0, 0, 0, 0 ],
[ 0, 7, 14, 21, 7, 42, 1, 21, 2, 3, 1, 6, 3, 0, 0, 0, 0, 0 ],
[ 0, 12, 6, 4, 3, 2, 84, 1, 42, 28, 21, 14, 7, 0, 0, 0, 0, 0 ],
[ 0, 7, 14, 21, 28, 42, 1, 84, 2, 3, 4, 6, 12, 0, 0, 0, 0, 0 ],
[ 0, 3, 6, 1, 3, 2, 21, 1, 42, 7, 21, 14, 7, 0, 0, 0, 0, 0 ],
[ 0, 4, 2, 12, 1, 6, 28, 3, 14, 84, 7, 42, 21, 0, 0, 0, 0, 0 ],
[ 0, 3, 6, 1, 12, 2, 21, 4, 42, 7, 84, 14, 28, 0, 0, 0, 0, 0 ],
[ 0, 1, 2, 3, 1, 6, 7, 3, 14, 21, 7, 42, 21, 0, 0, 0, 0, 0 ],
[ 720, 1, 2, 3, 4, 6, 7, 12, 14, 21, 28, 42, 84, 0, 0, 0, 0, 0 ]
];
$eqs = [
[ -1, 1, 1, 1, 1, 1, 1, 1, 1, 1, 1, 1, 1, 0, 0, 0, 0, 0 ],
[ -1, 0, 1, 0, 2, 1, 0, 2, 1, 0, 2, 1, 2, -2, 0, 0, 0, 0 ],
[ 0, 0, 0, 1, 0, 1, 0, 1, 0, 1, 0, 1, 1, 0, -2, 0, 0, 0 ],
[ 0, 0, 0, 0, 0, 0, 1, 0, 1, 1, 1, 1, 1, 0, 0, -2, 0, 0 ],
[ 0, 1, 2, 3, 4, 6, 7, 12, 14, 21, 28, 42, 84, 0, 0, 0, -24, 0 ],
[ 0, 84, 42, 28, 21, 14, 12, 7, 6, 4, 3, 2, 1, 0, 0, 0, 0, -24 ]
];
$p = new Polytope(INEQUALITIES=>$ieqs, EQUATIONS=>$eqs);
print $p->LATTICE_POINTS;
