[1,0,0,0,18,0,0,0,81]
[1,0,0,0,0,0,0,0,81]
[1,0,0,0,-2,0,0,0,81]
[1,0,0,0,-4,0,0,0,81]
[1,0,0,0,-8,0,0,0,81]
[1,0,0,0,-10,0,0,0,81]
[1,0,0,0,-16,0,0,0,81]
[1,0,0,0,-18,0,0,0,81]
[1,0,0,0,2,0,0,0,81]
[1,0,0,0,6,0,0,0,81]
[1,0,0,0,8,0,0,0,81]
[1,0,0,0,10,0,0,0,81]
[1,0,0,-1,-2,-3,0,0,81]
[1,0,0,-1,-6,-3,0,0,81]
[1,0,0,-1,2,-3,0,0,81]
[1,0,0,-1,6,-3,0,0,81]
[1,0,0,-1,10,-3,0,0,81]
[1,0,0,-2,0,-6,0,0,81]
[1,0,0,-2,-2,-6,0,0,81]
[1,0,0,-2,-4,-6,0,0,81]
[1,0,0,-2,-6,-6,0,0,81]
[1,0,0,-2,2,-6,0,0,81]
[1,0,0,-2,4,-6,0,0,81]
[1,0,0,-2,6,-6,0,0,81]
[1,0,0,-2,10,-6,0,0,81]
[1,0,0,-2,12,-6,0,0,81]
[1,0,0,-3,-2,-9,0,0,81]
[1,0,0,-3,-4,-9,0,0,81]
[1,0,0,-3,-6,-9,0,0,81]
[1,0,0,-3,2,-9,0,0,81]
[1,0,0,-3,4,-9,0,0,81]
[1,0,0,-3,6,-9,0,0,81]
[1,0,0,-4,0,-12,0,0,81]
[1,0,0,-4,-2,-12,0,0,81]
[1,0,0,-4,-4,-12,0,0,81]
[1,0,0,-4,2,-12,0,0,81]
[1,0,0,-4,4,-12,0,0,81]
[1,0,0,-4,6,-12,0,0,81]
[1,0,0,-4,8,-12,0,0,81]
[1,0,0,1,-2,3,0,0,81]
[1,0,0,1,-6,3,0,0,81]
[1,0,0,1,2,3,0,0,81]
[1,0,0,1,6,3,0,0,81]
[1,0,0,1,10,3,0,0,81]
[1,0,0,2,0,6,0,0,81]
[1,0,0,2,-2,6,0,0,81]
[1,0,0,2,-4,6,0,0,81]
[1,0,0,2,-6,6,0,0,81]
[1,0,0,2,2,6,0,0,81]
[1,0,0,2,4,6,0,0,81]
[1,0,0,2,6,6,0,0,81]
[1,0,0,2,10,6,0,0,81]
[1,0,0,2,12,6,0,0,81]
[1,0,0,3,-2,9,0,0,81]
[1,0,0,3,-4,9,0,0,81]
[1,0,0,3,-6,9,0,0,81]
[1,0,0,3,2,9,0,0,81]
[1,0,0,3,4,9,0,0,81]
[1,0,0,3,6,9,0,0,81]
[1,0,0,4,0,12,0,0,81]
[1,0,0,4,-2,12,0,0,81]
[1,0,0,4,-4,12,0,0,81]
[1,0,0,4,2,12,0,0,81]
[1,0,0,4,4,12,0,0,81]
[1,0,0,4,6,12,0,0,81]
[1,0,0,4,8,12,0,0,81]
[1,0,-1,0,0,0,-9,0,81]
[1,0,-1,0,-3,0,-9,0,81]
[1,0,-1,0,-4,0,-9,0,81]
[1,0,-1,0,-7,0,-9,0,81]
[1,0,-1,0,-8,0,-9,0,81]
[1,0,-1,0,3,0,-9,0,81]
[1,0,-1,0,4,0,-9,0,81]
[1,0,-1,0,5,0,-9,0,81]
[1,0,-1,0,8,0,-9,0,81]
[1,0,-1,0,9,0,-9,0,81]
[1,0,-1,0,13,0,-9,0,81]
[1,0,-1,0,16,0,-9,0,81]
[1,0,-1,-1,-1,-3,-9,0,81]
[1,0,-1,-1,1,-3,-9,0,81]
[1,0,-1,-1,7,-3,-9,0,81]
[1,0,-1,-2,0,-6,-9,0,81]
[1,0,-1,-2,-1,-6,-9,0,81]
[1,0,-1,-2,10,-6,-9,0,81]
[1,0,-1,-2,3,-6,-9,0,81]
[1,0,-1,-2,4,-6,-9,0,81]
[1,0,-1,-2,5,-6,-9,0,81]
[1,0,-1,-2,8,-6,-9,0,81]
[1,0,-1,-2,13,-6,-9,0,81]
[1,0,-1,-3,7,-9,-9,0,81]
[1,0,-1,-3,9,-9,-9,0,81]
[1,0,-1,-4,4,-12,-9,0,81]
[1,0,-1,-4,5,-12,-9,0,81]
[1,0,-1,-4,7,-12,-9,0,81]
[1,0,-1,-4,8,-12,-9,0,81]
[1,0,-1,1,-1,3,-9,0,81]
[1,0,-1,1,1,3,-9,0,81]
[1,0,-1,1,7,3,-9,0,81]
[1,0,-1,2,0,6,-9,0,81]
[1,0,-1,2,-1,6,-9,0,81]
[1,0,-1,2,3,6,-9,0,81]
[1,0,-1,2,4,6,-9,0,81]
[1,0,-1,2,5,6,-9,0,81]
[1,0,-1,2,8,6,-9,0,81]
[1,0,-1,2,10,6,-9,0,81]
[1,0,-1,2,13,6,-9,0,81]
[1,0,-1,3,7,9,-9,0,81]
[1,0,-1,3,9,9,-9,0,81]
[1,0,-1,4,4,12,-9,0,81]
[1,0,-1,4,5,12,-9,0,81]
[1,0,-1,4,7,12,-9,0,81]
[1,0,-1,4,8,12,-9,0,81]
[1,0,-2,0,-2,0,-18,0,81]
[1,0,-2,0,2,0,-18,0,81]
[1,0,-2,0,4,0,-18,0,81]
[1,0,-2,0,8,0,-18,0,81]
[1,0,-2,0,10,0,-18,0,81]
[1,0,-2,0,12,0,-18,0,81]
[1,0,-2,-1,2,-3,-18,0,81]
[1,0,-2,-1,6,-3,-18,0,81]
[1,0,-2,-1,14,-3,-18,0,81]
[1,0,-2,-2,4,-6,-18,0,81]
[1,0,-2,-2,6,-6,-18,0,81]
[1,0,-2,-2,8,-6,-18,0,81]
[1,0,-2,-2,10,-6,-18,0,81]
[1,0,-2,-3,6,-9,-18,0,81]
[1,0,-2,1,2,3,-18,0,81]
[1,0,-2,1,6,3,-18,0,81]
[1,0,-2,1,14,3,-18,0,81]
[1,0,2,0,6,0,18,0,81]
[1,0,-2,2,4,6,-18,0,81]
[1,0,-2,2,6,6,-18,0,81]
[1,0,-2,2,8,6,-18,0,81]
[1,0,-2,2,10,6,-18,0,81]
[1,0,-2,3,6,9,-18,0,81]
[1,0,-3,0,4,0,-27,0,81]
[1,0,-3,-2,12,-6,-27,0,81]
[1,0,-3,2,12,6,-27,0,81]
[1,0,1,0,-8,0,9,0,81]
[1,0,1,0,0,0,9,0,81]
[1,0,1,0,-2,0,9,0,81]
[1,0,1,0,-3,0,9,0,81]
[1,0,1,0,-5,0,9,0,81]
[1,0,1,0,-7,0,9,0,81]
[1,0,1,0,1,0,9,0,81]
[1,0,1,0,3,0,9,0,81]
[1,0,1,0,4,0,9,0,81]
[1,0,1,0,5,0,9,0,81]
[1,0,1,0,7,0,9,0,81]
[1,0,1,0,8,0,9,0,81]
[1,0,1,0,9,0,9,0,81]
[1,0,1,0,10,0,9,0,81]
[1,0,1,0,13,0,9,0,81]
[1,0,1,0,16,0,9,0,81]
[1,0,1,-1,-5,-3,9,0,81]
[1,0,1,-1,3,-3,9,0,81]
[1,0,1,-1,5,-3,9,0,81]
[1,0,1,-1,9,-3,9,0,81]
[1,0,1,-2,0,-6,9,0,81]
[1,0,1,-2,-2,-6,9,0,81]
[1,0,1,-2,-4,-6,9,0,81]
[1,0,1,-2,-7,-6,9,0,81]
[1,0,1,-2,-8,-6,9,0,81]
[1,0,1,-2,-9,-6,9,0,81]
[1,0,1,-2,-10,-6,9,0,81]
[1,0,1,-2,1,-6,9,0,81]
[1,0,1,-2,2,-6,9,0,81]
[1,0,1,-2,3,-6,9,0,81]
[1,0,1,-2,4,-6,9,0,81]
[1,0,1,-2,5,-6,9,0,81]
[1,0,1,-2,7,-6,9,0,81]
[1,0,1,-2,8,-6,9,0,81]
[1,0,1,-2,9,-6,9,0,81]
[1,0,1,-2,11,-6,9,0,81]
[1,0,1,-2,12,-6,9,0,81]
[1,0,1,-3,-1,-9,9,0,81]
[1,0,1,-3,-9,-9,9,0,81]
[1,0,1,-3,1,-9,9,0,81]
[1,0,1,-3,3,-9,9,0,81]
[1,0,1,-4,0,-12,9,0,81]
[1,0,1,-4,-1,-12,9,0,81]
[1,0,1,-4,-3,-12,9,0,81]
[1,0,1,-4,-4,-12,9,0,81]
[1,0,1,-4,-5,-12,9,0,81]
[1,0,1,-4,-6,-12,9,0,81]
[1,0,1,-4,-8,-12,9,0,81]
[1,0,1,-4,1,-12,9,0,81]
[1,0,1,-4,2,-12,9,0,81]
[1,0,1,-4,4,-12,9,0,81]
[1,0,1,-4,5,-12,9,0,81]
[1,0,1,-4,6,-12,9,0,81]
[1,0,1,-4,8,-12,9,0,81]
[1,0,1,-4,9,-12,9,0,81]
[1,0,1,-5,-1,-15,9,0,81]
[1,0,1,-5,1,-15,9,0,81]
[1,0,1,-6,0,-18,9,0,81]
[1,0,1,-6,1,-18,9,0,81]
[1,0,1,-6,2,-18,9,0,81]
[1,0,1,-6,4,-18,9,0,81]
[1,0,1,1,-5,3,9,0,81]
[1,0,1,1,3,3,9,0,81]
[1,0,1,1,5,3,9,0,81]
[1,0,1,1,9,3,9,0,81]
[1,0,1,2,0,6,9,0,81]
[1,0,1,2,-2,6,9,0,81]
[1,0,1,2,-4,6,9,0,81]
[1,0,1,2,-7,6,9,0,81]
[1,0,1,2,-8,6,9,0,81]
[1,0,1,2,-9,6,9,0,81]
[1,0,1,2,-10,6,9,0,81]
[1,0,1,2,1,6,9,0,81]
[1,0,1,2,2,6,9,0,81]
[1,0,1,2,3,6,9,0,81]
[1,0,1,2,4,6,9,0,81]
[1,0,1,2,5,6,9,0,81]
[1,0,1,2,7,6,9,0,81]
[1,0,1,2,8,6,9,0,81]
[1,0,1,2,9,6,9,0,81]
[1,0,1,2,11,6,9,0,81]
[1,0,1,2,12,6,9,0,81]
[1,0,1,3,-1,9,9,0,81]
[1,0,1,3,-9,9,9,0,81]
[1,0,1,3,1,9,9,0,81]
[1,0,1,3,3,9,9,0,81]
[1,0,1,4,0,12,9,0,81]
[1,0,1,4,-1,12,9,0,81]
[1,0,1,4,-3,12,9,0,81]
[1,0,1,4,-4,12,9,0,81]
[1,0,1,4,-5,12,9,0,81]
[1,0,1,4,-6,12,9,0,81]
[1,0,1,4,-8,12,9,0,81]
[1,0,1,4,1,12,9,0,81]
[1,0,1,4,2,12,9,0,81]
[1,0,1,4,4,12,9,0,81]
[1,0,1,4,5,12,9,0,81]
[1,0,1,4,6,12,9,0,81]
[1,0,1,4,8,12,9,0,81]
[1,0,1,4,9,12,9,0,81]
[1,0,1,5,-1,15,9,0,81]
[1,0,1,5,1,15,9,0,81]
[1,0,1,6,0,18,9,0,81]
[1,0,1,6,1,18,9,0,81]
[1,0,1,6,2,18,9,0,81]
[1,0,1,6,4,18,9,0,81]
[1,0,2,0,0,0,18,0,81]
[1,0,2,0,-4,0,18,0,81]
[1,0,2,0,-6,0,18,0,81]
[1,0,2,0,2,0,18,0,81]
[1,0,2,0,8,0,18,0,81]
[1,0,2,0,10,0,18,0,81]
[1,0,2,0,12,0,18,0,81]
[1,0,2,-1,0,-3,18,0,81]
[1,0,2,-1,-2,-3,18,0,81]
[1,0,2,-1,-4,-3,18,0,81]
[1,0,2,-1,2,-3,18,0,81]
[1,0,2,-1,6,-3,18,0,81]
[1,0,2,-1,10,-3,18,0,81]
[1,0,2,-1,12,-3,18,0,81]
[1,0,2,-1,14,-3,18,0,81]
[1,0,2,-1,16,-3,18,0,81]
[1,0,2,-2,0,-6,18,0,81]
[1,0,2,-2,-2,-6,18,0,81]
[1,0,2,-2,-4,-6,18,0,81]
[1,0,2,-2,2,-6,18,0,81]
[1,0,2,-2,4,-6,18,0,81]
[1,0,2,-2,6,-6,18,0,81]
[1,0,2,-2,8,-6,18,0,81]
[1,0,2,-2,10,-6,18,0,81]
[1,0,2,-2,14,-6,18,0,81]
[1,0,2,-3,0,-9,18,0,81]
[1,0,2,-3,2,-9,18,0,81]
[1,0,2,-3,6,-9,18,0,81]
[1,0,2,-4,-2,-12,18,0,81]
[1,0,2,-4,-6,-12,18,0,81]
[1,0,2,-4,2,-12,18,0,81]
[1,0,2,-4,4,-12,18,0,81]
[1,0,2,-4,6,-12,18,0,81]
[1,0,2,-4,8,-12,18,0,81]
[1,0,2,-4,10,-12,18,0,81]
[1,0,2,-5,-2,-15,18,0,81]
[1,0,2,-5,2,-15,18,0,81]
[1,0,2,-5,6,-15,18,0,81]
[1,0,2,-6,0,-18,18,0,81]
[1,0,2,-6,-2,-18,18,0,81]
[1,0,2,-6,-6,-18,18,0,81]
[1,0,2,-6,2,-18,18,0,81]
[1,0,2,-6,4,-18,18,0,81]
[1,0,2,-7,-2,-21,18,0,81]
[1,0,2,-8,0,-24,18,0,81]
[1,0,2,1,0,3,18,0,81]
[1,0,2,1,-2,3,18,0,81]
[1,0,2,1,-4,3,18,0,81]
[1,0,2,1,2,3,18,0,81]
[1,0,2,1,6,3,18,0,81]
[1,0,2,1,10,3,18,0,81]
[1,0,2,1,12,3,18,0,81]
[1,0,2,1,14,3,18,0,81]
[1,0,2,1,16,3,18,0,81]
[1,0,2,2,0,6,18,0,81]
[1,0,2,2,-2,6,18,0,81]
[1,0,2,2,-4,6,18,0,81]
[1,0,2,2,2,6,18,0,81]
[1,0,2,2,4,6,18,0,81]
[1,0,2,2,6,6,18,0,81]
[1,0,2,2,8,6,18,0,81]
[1,0,2,2,10,6,18,0,81]
[1,0,2,2,14,6,18,0,81]
[1,0,2,3,0,9,18,0,81]
[1,0,2,3,2,9,18,0,81]
[1,0,2,3,6,9,18,0,81]
[1,0,2,4,-2,12,18,0,81]
[1,0,2,4,-6,12,18,0,81]
[1,0,2,4,2,12,18,0,81]
[1,0,2,4,4,12,18,0,81]
[1,0,2,4,6,12,18,0,81]
[1,0,2,4,8,12,18,0,81]
[1,0,2,4,10,12,18,0,81]
[1,0,2,5,-2,15,18,0,81]
[1,0,2,5,2,15,18,0,81]
[1,0,2,5,6,15,18,0,81]
[1,0,2,6,0,18,18,0,81]
[1,0,2,6,-2,18,18,0,81]
[1,0,2,6,-6,18,18,0,81]
[1,0,2,6,2,18,18,0,81]
[1,0,2,6,4,18,18,0,81]
[1,0,2,7,-2,21,18,0,81]
[1,0,2,8,0,24,18,0,81]
[1,0,3,0,0,0,27,0,81]
[1,0,3,0,3,0,27,0,81]
[1,0,3,0,4,0,27,0,81]
[1,0,3,0,6,0,27,0,81]
[1,0,3,0,7,0,27,0,81]
[1,0,3,0,8,0,27,0,81]
[1,0,3,0,13,0,27,0,81]
[1,0,3,0,14,0,27,0,81]
[1,0,3,0,15,0,27,0,81]
[1,0,3,0,16,0,27,0,81]
[1,0,3,0,17,0,27,0,81]
[1,0,3,-1,1,-3,27,0,81]
[1,0,3,-1,7,-3,27,0,81]
[1,0,3,-1,9,-3,27,0,81]
[1,0,3,-1,11,-3,27,0,81]
[1,0,3,-2,1,-6,27,0,81]
[1,0,3,-2,2,-6,27,0,81]
[1,0,3,-2,3,-6,27,0,81]
[1,0,3,-2,4,-6,27,0,81]
[1,0,3,-2,5,-6,27,0,81]
[1,0,3,-2,6,-6,27,0,81]
[1,0,3,-2,7,-6,27,0,81]
[1,0,3,-2,8,-6,27,0,81]
[1,0,3,-2,9,-6,27,0,81]
[1,0,3,-2,11,-6,27,0,81]
[1,0,3,-2,12,-6,27,0,81]
[1,0,3,-2,13,-6,27,0,81]
[1,0,3,-2,14,-6,27,0,81]
[1,0,3,-2,15,-6,27,0,81]
[1,0,3,-3,3,-9,27,0,81]
[1,0,3,-3,5,-9,27,0,81]
[1,0,3,-3,7,-9,27,0,81]
[1,0,3,-3,11,-9,27,0,81]
[1,0,3,-4,3,-12,27,0,81]
[1,0,3,-4,4,-12,27,0,81]
[1,0,3,-4,7,-12,27,0,81]
[1,0,3,-4,8,-12,27,0,81]
[1,0,3,-4,9,-12,27,0,81]
[1,0,3,-4,12,-12,27,0,81]
[1,0,3,-5,5,-15,27,0,81]
[1,0,3,-5,9,-15,27,0,81]
[1,0,3,-6,0,-18,27,0,81]
[1,0,3,-6,2,-18,27,0,81]
[1,0,3,-6,3,-18,27,0,81]
[1,0,3,-6,4,-18,27,0,81]
[1,0,3,-6,5,-18,27,0,81]
[1,0,3,-6,6,-18,27,0,81]
[1,0,3,-6,7,-18,27,0,81]
[1,0,3,-7,-1,-21,27,0,81]
[1,0,3,-8,1,-24,27,0,81]
[1,0,3,1,1,3,27,0,81]
[1,0,3,1,7,3,27,0,81]
[1,0,3,1,9,3,27,0,81]
[1,0,3,1,11,3,27,0,81]
[1,0,3,2,1,6,27,0,81]
[1,0,3,2,2,6,27,0,81]
[1,0,3,2,3,6,27,0,81]
[1,0,3,2,4,6,27,0,81]
[1,0,3,2,5,6,27,0,81]
[1,0,3,2,6,6,27,0,81]
[1,0,3,2,7,6,27,0,81]
[1,0,3,2,8,6,27,0,81]
[1,0,3,2,9,6,27,0,81]
[1,0,3,2,11,6,27,0,81]
[1,0,3,2,12,6,27,0,81]
[1,0,3,2,13,6,27,0,81]
[1,0,3,2,14,6,27,0,81]
[1,0,3,2,15,6,27,0,81]
[1,0,3,3,3,9,27,0,81]
[1,0,3,3,5,9,27,0,81]
[1,0,3,3,7,9,27,0,81]
[1,0,3,3,11,9,27,0,81]
[1,0,3,4,3,12,27,0,81]
[1,0,3,4,4,12,27,0,81]
[1,0,3,4,7,12,27,0,81]
[1,0,3,4,8,12,27,0,81]
[1,0,3,4,9,12,27,0,81]
[1,0,3,4,12,12,27,0,81]
[1,0,3,5,5,15,27,0,81]
[1,0,3,5,9,15,27,0,81]
[1,0,3,6,0,18,27,0,81]
[1,0,3,6,2,18,27,0,81]
[1,0,3,6,3,18,27,0,81]
[1,0,3,6,4,18,27,0,81]
[1,0,3,6,5,18,27,0,81]
[1,0,3,6,6,18,27,0,81]
[1,0,3,6,7,18,27,0,81]
[1,0,3,7,-1,21,27,0,81]
[1,0,3,8,1,24,27,0,81]
[1,0,4,0,6,0,36,0,81]
[1,0,4,0,8,0,36,0,81]
[1,0,4,0,10,0,36,0,81]
[1,0,4,0,16,0,36,0,81]
[1,0,4,0,18,0,36,0,81]
[1,0,4,-1,8,-3,36,0,81]
[1,0,4,-1,10,-3,36,0,81]
[1,0,4,-1,14,-3,36,0,81]
[1,0,4,-1,18,-3,36,0,81]
[1,0,4,-2,8,-6,36,0,81]
[1,0,4,-2,10,-6,36,0,81]
[1,0,4,-2,12,-6,36,0,81]
[1,0,4,-2,14,-6,36,0,81]
[1,0,4,-3,10,-9,36,0,81]
[1,0,4,-3,12,-9,36,0,81]
[1,0,4,-4,6,-12,36,0,81]
[1,0,4,-4,8,-12,36,0,81]
[1,0,4,-4,10,-12,36,0,81]
[1,0,4,-5,10,-15,36,0,81]
[1,0,4,-6,8,-18,36,0,81]
[1,0,4,-6,10,-18,36,0,81]
[1,0,4,-8,6,-24,36,0,81]
[1,0,4,1,8,3,36,0,81]
[1,0,4,1,10,3,36,0,81]
[1,0,4,1,14,3,36,0,81]
[1,0,4,1,18,3,36,0,81]
[1,0,4,2,8,6,36,0,81]
[1,0,4,2,10,6,36,0,81]
[1,0,4,2,12,6,36,0,81]
[1,0,4,2,14,6,36,0,81]
[1,0,4,3,10,9,36,0,81]
[1,0,4,3,12,9,36,0,81]
[1,0,4,4,6,12,36,0,81]
[1,0,4,4,8,12,36,0,81]
[1,0,4,4,10,12,36,0,81]
[1,0,4,5,10,15,36,0,81]
[1,0,4,6,8,18,36,0,81]
[1,0,4,6,10,18,36,0,81]
[1,0,4,8,6,24,36,0,81]
[1,0,5,0,13,0,45,0,81]
[1,0,5,0,15,0,45,0,81]
[1,0,5,0,21,0,45,0,81]
[1,0,5,-1,13,-3,45,0,81]
[1,0,5,-1,15,-3,45,0,81]
[1,0,5,-1,17,-3,45,0,81]
[1,0,5,-1,21,-3,45,0,81]
[1,0,5,-2,14,-6,45,0,81]
[1,0,5,-2,15,-6,45,0,81]
[1,0,5,-2,16,-6,45,0,81]
[1,0,5,-2,17,-6,45,0,81]
[1,0,5,-2,18,-6,45,0,81]
[1,0,5,-2,19,-6,45,0,81]
[1,0,5,-2,20,-6,45,0,81]
[1,0,5,-3,15,-9,45,0,81]
[1,0,5,-4,13,-12,45,0,81]
[1,0,5,-4,14,-12,45,0,81]
[1,0,5,-4,16,-12,45,0,81]
[1,0,5,-4,17,-12,45,0,81]
[1,0,5,-6,13,-18,45,0,81]
[1,0,5,6,13,18,45,0,81]
[1,0,5,1,13,3,45,0,81]
[1,0,5,1,15,3,45,0,81]
[1,0,5,1,17,3,45,0,81]
[1,0,5,1,21,3,45,0,81]
[1,0,5,2,14,6,45,0,81]
[1,0,5,2,15,6,45,0,81]
[1,0,5,2,16,6,45,0,81]
[1,0,5,2,17,6,45,0,81]
[1,0,5,2,18,6,45,0,81]
[1,0,5,2,19,6,45,0,81]
[1,0,5,2,20,6,45,0,81]
[1,0,5,3,15,9,45,0,81]
[1,0,5,4,13,12,45,0,81]
[1,0,5,4,14,12,45,0,81]
[1,0,5,4,16,12,45,0,81]
[1,0,5,4,17,12,45,0,81]
[1,-1,0,0,0,0,0,-27,81]
[1,-1,0,0,-2,0,0,-27,81]
[1,-1,0,0,-4,0,0,-27,81]
[1,-1,0,0,-6,0,0,-27,81]
[1,-1,0,0,2,0,0,-27,81]
[1,-1,0,0,4,0,0,-27,81]
[1,-1,0,0,6,0,0,-27,81]
[1,-1,0,-1,-2,-3,0,-27,81]
[1,-1,0,-1,2,-3,0,-27,81]
[1,-1,0,-1,6,-3,0,-27,81]
[1,-1,0,-1,10,-3,0,-27,81]
[1,-1,0,-2,0,-6,0,-27,81]
[1,-1,0,-2,2,-6,0,-27,81]
[1,-1,0,-2,4,-6,0,-27,81]
[1,-1,0,-2,6,-6,0,-27,81]
[1,-1,0,-2,8,-6,0,-27,81]
[1,-1,0,-2,10,-6,0,-27,81]
[1,-1,0,-2,14,-6,0,-27,81]
[1,-1,0,-3,6,-9,0,-27,81]
[1,-1,0,-3,10,-9,0,-27,81]
[1,-1,0,-4,10,-12,0,-27,81]
[1,-1,0,-4,12,-12,0,-27,81]
[1,-1,0,-4,14,-12,0,-27,81]
[1,-1,0,1,-2,3,0,-27,81]
[1,-1,0,1,-10,3,0,-27,81]
[1,-1,0,1,2,3,0,-27,81]
[1,-1,0,2,0,6,0,-27,81]
[1,-1,0,2,-2,6,0,-27,81]
[1,-1,0,2,-6,6,0,-27,81]
[1,-1,0,2,-8,6,0,-27,81]
[1,-1,0,2,-10,6,0,-27,81]
[1,-1,0,2,2,6,0,-27,81]
[1,-1,0,3,-2,9,0,-27,81]
[1,-1,0,3,-6,9,0,-27,81]
[1,-1,0,3,-10,9,0,-27,81]
[1,-1,0,3,2,9,0,-27,81]
[1,-1,0,4,0,12,0,-27,81]
[1,-1,0,4,-2,12,0,-27,81]
[1,-1,0,4,-6,12,0,-27,81]
[1,-1,0,4,-10,12,0,-27,81]
[1,-1,0,6,-6,18,0,-27,81]
[1,-1,-1,0,0,0,-9,-27,81]
[1,-1,-1,0,4,0,-9,-27,81]
[1,-1,-1,0,8,0,-9,-27,81]
[1,-1,-1,0,12,0,-9,-27,81]
[1,-1,-1,-1,3,-3,-9,-27,81]
[1,-1,-1,-2,18,-6,-9,-27,81]
[1,-1,-1,-1,5,-3,-9,-27,81]
[1,-1,-1,-1,6,-3,-9,-27,81]
[1,-1,-1,-1,7,-3,-9,-27,81]
[1,-1,-1,-1,8,-3,-9,-27,81]
[1,-1,-1,-1,10,-3,-9,-27,81]
[1,-1,-1,-1,11,-3,-9,-27,81]
[1,-1,-1,-1,13,-3,-9,-27,81]
[1,-1,-1,-2,6,-6,-9,-27,81]
[1,-1,-1,-2,10,-6,-9,-27,81]
[1,-1,-1,-2,14,-6,-9,-27,81]
[1,-1,-1,-3,11,-9,-9,-27,81]
[1,-1,-1,-3,12,-9,-9,-27,81]
[1,-1,-1,-3,13,-9,-9,-27,81]
[1,-1,-1,-3,14,-9,-9,-27,81]
[1,-1,-1,-3,15,-9,-9,-27,81]
[1,-1,-1,-3,16,-9,-9,-27,81]
[1,-1,-1,1,0,3,-9,-27,81]
[1,-1,-1,1,-1,3,-9,-27,81]
[1,-1,-1,1,-3,3,-9,-27,81]
[1,-1,-1,1,2,3,-9,-27,81]
[1,-1,-1,1,3,3,-9,-27,81]
[1,-1,-1,1,4,3,-9,-27,81]
[1,-1,-1,1,6,3,-9,-27,81]
[1,-1,-1,1,7,3,-9,-27,81]
[1,-1,-1,1,8,3,-9,-27,81]
[1,-1,-1,1,9,3,-9,-27,81]
[1,-1,-1,1,10,3,-9,-27,81]
[1,-1,-1,2,2,6,-9,-27,81]
[1,-1,-1,3,0,9,-9,-27,81]
[1,-1,-1,3,-1,9,-9,-27,81]
[1,-1,-1,3,-3,9,-9,-27,81]
[1,-1,-1,3,-4,9,-9,-27,81]
[1,-1,-1,3,-5,9,-9,-27,81]
[1,-1,-1,3,-7,9,-9,-27,81]
[1,-1,-1,3,-8,9,-9,-27,81]
[1,-1,-1,3,-11,9,-9,-27,81]
[1,-1,-1,3,1,9,-9,-27,81]
[1,-1,-1,3,2,9,-9,-27,81]
[1,-1,-1,3,3,9,-9,-27,81]
[1,-1,-1,4,-4,12,-9,-27,81]
[1,-1,-1,5,-1,15,-9,-27,81]
[1,-1,-2,0,6,0,-18,-27,81]
[1,-1,-2,0,14,0,-18,-27,81]
[1,-1,-2,-2,14,-6,-18,-27,81]
[1,-1,-2,1,10,3,-18,-27,81]
[1,-1,-2,2,2,6,-18,-27,81]
[1,-1,-2,2,6,6,-18,-27,81]
[1,-1,-2,3,2,9,-18,-27,81]
[1,-3,3,0,0,0,27,-81,81]
[1,-1,1,0,-6,0,9,-27,81]
[1,-1,1,0,-10,0,9,-27,81]
[1,-1,1,0,2,0,9,-27,81]
[1,-1,1,0,6,0,9,-27,81]
[1,-1,1,0,10,0,9,-27,81]
[1,-1,1,-1,0,-3,9,-27,81]
[1,-1,1,-1,-1,-3,9,-27,81]
[1,-1,1,-1,-3,-3,9,-27,81]
[1,-1,1,-1,-4,-3,9,-27,81]
[1,-1,1,-1,-5,-3,9,-27,81]
[1,-1,1,-1,1,-3,9,-27,81]
[1,-1,1,-1,2,-3,9,-27,81]
[1,-1,1,-1,3,-3,9,-27,81]
[1,-1,1,-1,4,-3,9,-27,81]
[1,-1,1,-1,5,-3,9,-27,81]
[1,-1,1,-1,6,-3,9,-27,81]
[1,-1,1,-1,7,-3,9,-27,81]
[1,-1,1,-1,9,-3,9,-27,81]
[1,-1,1,-1,11,-3,9,-27,81]
[1,-1,1,-1,12,-3,9,-27,81]
[1,-1,1,-2,0,-6,9,-27,81]
[1,-1,1,-5,11,-15,9,-27,81]
[1,-1,1,-2,4,-6,9,-27,81]
[1,-1,1,-2,8,-6,9,-27,81]
[1,-1,1,-2,12,-6,9,-27,81]
[1,-1,1,-3,-1,-9,9,-27,81]
[1,-1,1,-3,-2,-9,9,-27,81]
[1,-1,1,-3,1,-9,9,-27,81]
[1,-1,1,-3,2,-9,9,-27,81]
[1,-1,1,-3,3,-9,9,-27,81]
[1,-1,1,-3,4,-9,9,-27,81]
[1,-1,1,-3,5,-9,9,-27,81]
[1,-1,1,-3,6,-9,9,-27,81]
[1,-1,1,-3,8,-9,9,-27,81]
[1,-1,1,-3,9,-9,9,-27,81]
[1,-1,1,-3,10,-9,9,-27,81]
[1,-1,1,-3,11,-9,9,-27,81]
[1,-1,1,-3,12,-9,9,-27,81]
[1,-1,1,-3,13,-9,9,-27,81]
[1,-1,1,-3,14,-9,9,-27,81]
[1,-1,1,-3,15,-9,9,-27,81]
[1,-1,1,-3,16,-9,9,-27,81]
[1,-1,1,-3,17,-9,9,-27,81]
[1,-1,1,-4,6,-12,9,-27,81]
[1,-1,1,-4,10,-12,9,-27,81]
[1,-1,1,-4,14,-12,9,-27,81]
[1,-1,1,-5,4,-15,9,-27,81]
[1,-1,1,-5,5,-15,9,-27,81]
[1,-1,1,-5,6,-15,9,-27,81]
[1,-1,1,-5,7,-15,9,-27,81]
[1,-1,1,-5,9,-15,9,-27,81]
[1,-1,1,-5,10,-15,9,-27,81]
[1,-1,1,-5,12,-15,9,-27,81]
[1,-1,1,-5,13,-15,9,-27,81]
[1,-1,1,-5,14,-15,9,-27,81]
[1,-1,1,-5,15,-15,9,-27,81]
[1,-1,1,-6,8,-18,9,-27,81]
[1,-1,1,-6,12,-18,9,-27,81]
[1,-1,1,1,-9,3,9,-27,81]
[1,-1,1,-7,11,-21,9,-27,81]
[1,-1,1,1,0,3,9,-27,81]
[1,-1,1,1,-1,3,9,-27,81]
[1,-1,1,1,-2,3,9,-27,81]
[1,-1,1,1,-4,3,9,-27,81]
[1,-1,1,1,-5,3,9,-27,81]
[1,-1,1,1,-8,3,9,-27,81]
[1,-1,1,1,-12,3,9,-27,81]
[1,-1,1,1,1,3,9,-27,81]
[1,-1,1,1,2,3,9,-27,81]
[1,-1,1,1,3,3,9,-27,81]
[1,-1,1,1,4,3,9,-27,81]
[1,-1,1,1,5,3,9,-27,81]
[1,-1,1,1,6,3,9,-27,81]
[1,-1,1,1,7,3,9,-27,81]
[1,-1,1,2,0,6,9,-27,81]
[1,-1,1,2,-4,6,9,-27,81]
[1,-1,1,2,4,6,9,-27,81]
[1,-1,1,3,0,9,9,-27,81]
[1,-1,1,3,-1,9,9,-27,81]
[1,-1,1,3,-3,9,9,-27,81]
[1,-1,1,3,-4,9,9,-27,81]
[1,-1,1,3,-5,9,9,-27,81]
[1,-1,1,3,-6,9,9,-27,81]
[1,-1,1,3,-7,9,9,-27,81]
[1,-1,1,3,-9,9,9,-27,81]
[1,-1,1,3,-11,9,9,-27,81]
[1,-1,1,3,-12,9,9,-27,81]
[1,-1,1,3,1,9,9,-27,81]
[1,-1,1,4,-2,12,9,-27,81]
[1,-1,1,4,-6,12,9,-27,81]
[1,-1,1,4,-10,12,9,-27,81]
[1,-1,1,5,-2,15,9,-27,81]
[1,-1,1,5,-5,15,9,-27,81]
[1,-1,1,5,-7,15,9,-27,81]
[1,-1,1,5,-8,15,9,-27,81]
[1,-1,1,5,-9,15,9,-27,81]
[1,-1,1,5,-12,15,9,-27,81]
[1,-1,1,5,-13,15,9,-27,81]
[1,-1,1,5,-15,15,9,-27,81]
[1,-1,1,6,-8,18,9,-27,81]
[1,-1,2,0,0,0,18,-27,81]
[1,-1,2,0,-4,0,18,-27,81]
[1,-1,2,0,-6,0,18,-27,81]
[1,-1,2,0,2,0,18,-27,81]
[1,-1,2,0,4,0,18,-27,81]
[1,-1,2,0,6,0,18,-27,81]
[1,-1,2,0,8,0,18,-27,81]
[1,-1,2,0,10,0,18,-27,81]
[1,-1,2,-1,-2,-3,18,-27,81]
[1,-1,2,-1,-6,-3,18,-27,81]
[1,-1,2,-1,2,-3,18,-27,81]
[1,-1,2,-1,6,-3,18,-27,81]
[1,-1,2,-1,10,-3,18,-27,81]
[1,-1,2,-2,0,-6,18,-27,81]
[1,-1,2,-2,-2,-6,18,-27,81]
[1,-1,2,-2,-4,-6,18,-27,81]
[1,-1,2,-2,-6,-6,18,-27,81]
[1,-1,2,-2,2,-6,18,-27,81]
[1,-1,2,-2,4,-6,18,-27,81]
[1,-1,2,-2,6,-6,18,-27,81]
[1,-1,2,-2,8,-6,18,-27,81]
[1,-1,2,-2,10,-6,18,-27,81]
[1,-1,2,-2,12,-6,18,-27,81]
[1,-1,2,-3,-2,-9,18,-27,81]
[1,-1,2,-3,2,-9,18,-27,81]
[1,-1,2,-3,6,-9,18,-27,81]
[1,-1,2,-3,10,-9,18,-27,81]
[1,-1,2,-4,0,-12,18,-27,81]
[1,-1,2,-4,-2,-12,18,-27,81]
[1,-1,2,-4,2,-12,18,-27,81]
[1,-1,2,-4,4,-12,18,-27,81]
[1,-1,2,-4,6,-12,18,-27,81]
[1,-1,2,-4,8,-12,18,-27,81]
[1,-1,2,-4,10,-12,18,-27,81]
[1,-1,2,-4,12,-12,18,-27,81]
[1,-1,2,-4,14,-12,18,-27,81]
[1,-1,2,-4,18,-12,18,-27,81]
[1,-1,2,-5,-2,-15,18,-27,81]
[1,-1,2,-5,2,-15,18,-27,81]
[1,-1,2,-5,6,-15,18,-27,81]
[1,-1,2,-5,10,-15,18,-27,81]
[1,-1,2,-5,14,-15,18,-27,81]
[1,-1,2,-6,2,-18,18,-27,81]
[1,-1,2,-6,8,-18,18,-27,81]
[1,-1,2,-6,10,-18,18,-27,81]
[1,-1,2,-6,12,-18,18,-27,81]
[1,-1,2,-6,14,-18,18,-27,81]
[1,-1,2,-7,6,-21,18,-27,81]
[1,-1,2,-7,10,-21,18,-27,81]
[1,-1,2,1,-2,3,18,-27,81]
[1,-1,2,1,-6,3,18,-27,81]
[1,-1,2,3,-6,9,18,-27,81]
[1,-1,2,1,2,3,18,-27,81]
[1,-1,2,1,6,3,18,-27,81]
[1,-1,2,2,-2,6,18,-27,81]
[1,-1,2,2,-6,6,18,-27,81]
[1,-1,2,2,-8,6,18,-27,81]
[1,-1,2,2,4,6,18,-27,81]
[1,-1,2,3,-2,9,18,-27,81]
[1,-1,2,3,2,9,18,-27,81]
[1,-1,2,4,-2,12,18,-27,81]
[1,-1,2,4,-4,12,18,-27,81]
[1,-1,2,4,-10,12,18,-27,81]
[1,-1,3,0,4,0,27,-27,81]
[1,-1,3,0,8,0,27,-27,81]
[1,-1,3,-1,1,-3,27,-27,81]
[1,-1,3,-1,3,-3,27,-27,81]
[1,-1,3,-1,4,-3,27,-27,81]
[1,-1,3,-1,5,-3,27,-27,81]
[1,-1,3,-1,6,-3,27,-27,81]
[1,-1,3,-1,7,-3,27,-27,81]
[1,-1,3,-1,9,-3,27,-27,81]
[1,-1,3,-1,10,-3,27,-27,81]
[1,-1,3,-1,11,-3,27,-27,81]
[1,-1,3,-1,12,-3,27,-27,81]
[1,-1,3,-2,2,-6,27,-27,81]
[1,-1,3,-2,6,-6,27,-27,81]
[1,-1,3,-2,10,-6,27,-27,81]
[1,-1,3,-2,14,-6,27,-27,81]
[1,-1,3,-3,0,-9,27,-27,81]
[1,-1,3,-3,1,-9,27,-27,81]
[1,-1,3,-3,2,-9,27,-27,81]
[1,-1,3,-3,3,-9,27,-27,81]
[1,-1,3,-3,4,-9,27,-27,81]
[1,-1,3,-3,5,-9,27,-27,81]
[1,-1,3,-3,6,-9,27,-27,81]
[1,-1,3,-3,7,-9,27,-27,81]
[1,-1,3,-3,8,-9,27,-27,81]
[1,-1,3,-3,9,-9,27,-27,81]
[1,-1,3,-3,11,-9,27,-27,81]
[1,-1,3,-3,12,-9,27,-27,81]
[1,-1,3,-3,13,-9,27,-27,81]
[1,-1,3,-3,15,-9,27,-27,81]
[1,-1,3,-3,16,-9,27,-27,81]
[1,-1,3,-4,0,-12,27,-27,81]
[1,-1,3,-4,4,-12,27,-27,81]
[1,-1,3,-4,8,-12,27,-27,81]
[1,-1,3,-4,12,-12,27,-27,81]
[1,-1,3,-4,16,-12,27,-27,81]
[1,-1,3,-5,1,-15,27,-27,81]
[1,-1,3,-5,2,-15,27,-27,81]
[1,-1,3,-5,3,-15,27,-27,81]
[1,-1,3,-5,5,-15,27,-27,81]
[1,-1,3,-5,7,-15,27,-27,81]
[1,-1,3,-5,8,-15,27,-27,81]
[1,-1,3,-5,9,-15,27,-27,81]
[1,-1,3,-5,11,-15,27,-27,81]
[1,-1,3,-5,12,-15,27,-27,81]
[1,-1,3,-5,13,-15,27,-27,81]
[1,-1,3,-5,14,-15,27,-27,81]
[1,-1,3,-5,15,-15,27,-27,81]
[1,-1,3,-5,16,-15,27,-27,81]
[1,-1,3,-5,17,-15,27,-27,81]
[1,-1,4,-9,6,-27,36,-27,81]
[1,-1,3,-6,6,-18,27,-27,81]
[1,-1,3,-6,10,-18,27,-27,81]
[1,-1,3,-6,14,-18,27,-27,81]
[1,-1,3,-7,3,-21,27,-27,81]
[1,-1,3,-7,4,-21,27,-27,81]
[1,-1,3,-7,5,-21,27,-27,81]
[1,-1,3,-7,6,-21,27,-27,81]
[1,-1,3,-7,7,-21,27,-27,81]
[1,-1,3,-7,8,-21,27,-27,81]
[1,-1,3,-7,9,-21,27,-27,81]
[1,-1,3,-7,10,-21,27,-27,81]
[1,-1,3,-7,12,-21,27,-27,81]
[1,-1,3,-7,13,-21,27,-27,81]
[1,-1,3,-7,15,-21,27,-27,81]
[1,-1,3,-8,8,-24,27,-27,81]
[1,-1,3,-8,12,-24,27,-27,81]
[1,-1,3,-9,9,-27,27,-27,81]
[1,-1,3,-9,8,-27,27,-27,81]
[1,-1,3,-9,12,-27,27,-27,81]
[1,-1,3,1,-1,3,27,-27,81]
[1,-1,3,1,-2,3,27,-27,81]
[1,-1,3,1,1,3,27,-27,81]
[1,-1,3,1,2,3,27,-27,81]
[1,-1,3,1,4,3,27,-27,81]
[1,-1,3,1,5,3,27,-27,81]
[1,-1,3,1,7,3,27,-27,81]
[1,-1,3,2,2,6,27,-27,81]
[1,-1,3,2,6,6,27,-27,81]
[1,-1,3,3,0,9,27,-27,81]
[1,-1,3,3,-1,9,27,-27,81]
[1,-1,3,3,-2,9,27,-27,81]
[1,-1,3,3,-3,9,27,-27,81]
[1,-1,3,3,3,9,27,-27,81]
[1,-1,3,5,-3,15,27,-27,81]
[1,-1,3,5,-4,15,27,-27,81]
[1,-1,4,0,6,0,36,-27,81]
[1,-1,4,0,10,0,36,-27,81]
[1,-1,4,-1,6,-3,36,-27,81]
[1,-1,4,-2,6,-6,36,-27,81]
[1,-1,4,-2,10,-6,36,-27,81]
[1,-1,4,-2,12,-6,36,-27,81]
[1,-1,4,-2,14,-6,36,-27,81]
[1,-1,4,-3,6,-9,36,-27,81]
[1,-1,4,-3,10,-9,36,-27,81]
[1,-1,4,-3,14,-9,36,-27,81]
[1,-1,4,-4,10,-12,36,-27,81]
[1,-1,4,-4,12,-12,36,-27,81]
[1,-1,4,-4,16,-12,36,-27,81]
[1,-1,4,-4,18,-12,36,-27,81]
[1,-1,4,-5,10,-15,36,-27,81]
[1,-1,4,-5,14,-15,36,-27,81]
[1,-1,4,-6,8,-18,36,-27,81]
[1,-1,4,-6,10,-18,36,-27,81]
[1,-1,4,-6,12,-18,36,-27,81]
[1,-1,4,-6,14,-18,36,-27,81]
[1,-1,4,-6,18,-18,36,-27,81]
[1,-1,4,-6,20,-18,36,-27,81]
[1,-1,4,-7,14,-21,36,-27,81]
[1,-1,4,-8,8,-24,36,-27,81]
[1,-1,4,-8,10,-24,36,-27,81]
[1,-1,4,-8,16,-24,36,-27,81]
[1,-1,4,-10,10,-30,36,-27,81]
[1,-1,4,-10,8,-30,36,-27,81]
[1,-1,4,-10,14,-30,36,-27,81]
[1,-1,4,1,6,3,36,-27,81]
[1,-1,4,2,4,6,36,-27,81]
[1,-1,4,3,6,9,36,-27,81]
[1,-1,5,-1,11,-3,45,-27,81]
[1,-1,5,-1,13,-3,45,-27,81]
[1,-1,5,-1,14,-3,45,-27,81]
[1,-1,5,-1,15,-3,45,-27,81]
[1,-1,5,-2,12,-6,45,-27,81]
[1,-1,5,-2,16,-6,45,-27,81]
[1,-1,5,-3,11,-9,45,-27,81]
[1,-1,5,-3,12,-9,45,-27,81]
[1,-1,5,-3,15,-9,45,-27,81]
[1,-1,5,-3,16,-9,45,-27,81]
[1,-1,5,-3,17,-9,45,-27,81]
[1,-1,5,-3,18,-9,45,-27,81]
[1,-1,5,-3,19,-9,45,-27,81]
[1,-1,5,-4,18,-12,45,-27,81]
[1,-1,5,-5,15,-15,45,-27,81]
[1,-1,5,-5,16,-15,45,-27,81]
[1,-1,5,-5,18,-15,45,-27,81]
[1,-1,5,-5,19,-15,45,-27,81]
[1,-1,5,-5,21,-15,45,-27,81]
[1,-1,5,-6,12,-18,45,-27,81]
[1,-1,5,-6,16,-18,45,-27,81]
[1,-1,5,-6,20,-18,45,-27,81]
[1,-1,5,-7,13,-21,45,-27,81]
[1,-1,5,-7,14,-21,45,-27,81]
[1,-1,5,-7,15,-21,45,-27,81]
[1,-1,5,-7,16,-21,45,-27,81]
[1,-1,5,-7,18,-21,45,-27,81]
[1,-1,5,-7,19,-21,45,-27,81]
[1,-1,5,-7,20,-21,45,-27,81]
[1,-1,5,-8,14,-24,45,-27,81]
[1,-1,5,-8,18,-24,45,-27,81]
[1,-1,5,-9,13,-27,45,-27,81]
[1,-1,5,-9,15,-27,45,-27,81]
[1,-1,5,-9,17,-27,45,-27,81]
[1,-1,5,-9,18,-27,45,-27,81]
[1,-1,5,-10,16,-30,45,-27,81]
[1,-1,5,-11,13,-33,45,-27,81]
[1,-1,5,-11,15,-33,45,-27,81]
[1,-1,5,1,9,3,45,-27,81]
[1,-3,9,-18,36,-54,81,-81,81]
[1,-2,0,0,4,0,0,-54,81]
[1,-2,0,0,6,0,0,-54,81]
[1,-2,0,-1,10,-3,0,-54,81]
[1,-2,0,-2,10,-6,0,-54,81]
[1,-2,0,-2,12,-6,0,-54,81]
[1,-2,0,-4,18,-12,0,-54,81]
[1,-2,0,-4,20,-12,0,-54,81]
[1,-2,0,1,2,3,0,-54,81]
[1,-2,0,2,0,6,0,-54,81]
[1,-2,0,2,-4,6,0,-54,81]
[1,-2,0,2,2,6,0,-54,81]
[1,-2,0,3,-6,9,0,-54,81]
[1,-2,0,4,-4,12,0,-54,81]
[1,-2,0,6,-14,18,0,-54,81]
[1,-2,1,0,0,0,9,-54,81]
[1,-2,1,0,2,0,9,-54,81]
[1,-2,1,0,4,0,9,-54,81]
[1,-2,1,0,5,0,9,-54,81]
[1,-2,1,-1,3,-3,9,-54,81]
[1,-2,1,-1,5,-3,9,-54,81]
[1,-2,1,-2,4,-6,9,-54,81]
[1,-2,1,-2,6,-6,9,-54,81]
[1,-2,1,-2,7,-6,9,-54,81]
[1,-2,1,-2,8,-6,9,-54,81]
[1,-2,1,-2,9,-6,9,-54,81]
[1,-2,1,-2,11,-6,9,-54,81]
[1,-2,1,-3,9,-9,9,-54,81]
[1,-2,1,-3,13,-9,9,-54,81]
[1,-2,1,-4,12,-12,9,-54,81]
[1,-2,1,-4,13,-12,9,-54,81]
[1,-2,1,-4,16,-12,9,-54,81]
[1,-2,1,-5,19,-15,9,-54,81]
[1,-2,1,-6,20,-18,9,-54,81]
[1,-2,1,-6,21,-18,9,-54,81]
[1,-2,1,2,0,6,9,-54,81]
[1,-2,1,2,-1,6,9,-54,81]
[1,-2,1,2,-4,6,9,-54,81]
[1,-2,1,2,-5,6,9,-54,81]
[1,-2,1,2,-7,6,9,-54,81]
[1,-2,1,2,-9,6,9,-54,81]
[1,-2,1,4,-7,12,9,-54,81]
[1,-2,1,4,-12,12,9,-54,81]
[1,-2,1,4,-13,12,9,-54,81]
[1,-2,1,5,-11,15,9,-54,81]
[1,-2,1,5,-17,15,9,-54,81]
[1,-2,1,6,-13,18,9,-54,81]
[1,-2,1,6,-16,18,9,-54,81]
[1,-2,1,6,-20,18,9,-54,81]
[1,-2,1,8,-16,24,9,-54,81]
[1,-2,2,0,0,0,18,-54,81]
[1,-2,2,0,-2,0,18,-54,81]
[1,-2,2,0,-4,0,18,-54,81]
[1,-2,2,0,-6,0,18,-54,81]
[1,-2,2,0,-8,0,18,-54,81]
[1,-2,2,0,2,0,18,-54,81]
[1,-2,2,0,4,0,18,-54,81]
[1,-2,2,-1,-2,-3,18,-54,81]
[1,-2,2,-1,2,-3,18,-54,81]
[1,-2,2,-1,6,-3,18,-54,81]
[1,-2,2,-2,-2,-6,18,-54,81]
[1,-2,2,-2,2,-6,18,-54,81]
[1,-2,2,-2,4,-6,18,-54,81]
[1,-2,2,-2,6,-6,18,-54,81]
[1,-2,2,-2,8,-6,18,-54,81]
[1,-2,2,-2,10,-6,18,-54,81]
[1,-2,2,-3,2,-9,18,-54,81]
[1,-2,2,-3,4,-9,18,-54,81]
[1,-2,2,-3,8,-9,18,-54,81]
[1,-2,2,-3,10,-9,18,-54,81]
[1,-2,2,-4,6,-12,18,-54,81]
[1,-2,2,-4,8,-12,18,-54,81]
[1,-2,2,-4,10,-12,18,-54,81]
[1,-2,2,-4,12,-12,18,-54,81]
[1,-2,2,-4,14,-12,18,-54,81]
[1,-2,2,-5,10,-15,18,-54,81]
[1,-2,2,-5,14,-15,18,-54,81]
[1,-2,2,-5,18,-15,18,-54,81]
[1,-2,2,-6,14,-18,18,-54,81]
[1,-2,2,-6,16,-18,18,-54,81]
[1,-2,2,-6,18,-18,18,-54,81]
[1,-2,2,-7,18,-21,18,-54,81]
[1,-2,2,-8,20,-24,18,-54,81]
[1,-2,2,-8,22,-24,18,-54,81]
[1,-2,2,1,-2,3,18,-54,81]
[1,-2,2,1,-8,3,18,-54,81]
[1,-2,2,1,-10,3,18,-54,81]
[1,-2,2,2,-2,6,18,-54,81]
[1,-2,2,2,-6,6,18,-54,81]
[1,-2,2,2,-8,6,18,-54,81]
[1,-2,2,2,-10,6,18,-54,81]
[1,-2,2,2,-14,6,18,-54,81]
[1,-2,2,3,-10,9,18,-54,81]
[1,-2,2,4,-8,12,18,-54,81]
[1,-2,2,4,-10,12,18,-54,81]
[1,-2,2,4,-16,12,18,-54,81]
[1,-2,2,6,-14,18,18,-54,81]
[1,-2,2,6,-16,18,18,-54,81]
[1,-2,3,0,0,0,27,-54,81]
[1,-2,3,0,-3,0,27,-54,81]
[1,-2,3,0,-4,0,27,-54,81]
[1,-2,3,0,-6,0,27,-54,81]
[1,-2,3,0,-7,0,27,-54,81]
[1,-2,3,0,1,0,27,-54,81]
[1,-2,3,0,3,0,27,-54,81]
[1,-2,3,-1,1,-3,27,-54,81]
[1,-2,3,-1,3,-3,27,-54,81]
[1,-2,3,-1,5,-3,27,-54,81]
[1,-2,3,-2,0,-6,27,-54,81]
[1,-2,3,-2,-4,-6,27,-54,81]
[1,-2,3,-2,-5,-6,27,-54,81]
[1,-2,3,-2,1,-6,27,-54,81]
[1,-2,3,-2,2,-6,27,-54,81]
[1,-2,3,-2,3,-6,27,-54,81]
[1,-2,3,-2,4,-6,27,-54,81]
[1,-2,3,-2,7,-6,27,-54,81]
[1,-2,3,-2,8,-6,27,-54,81]
[1,-2,3,-3,-1,-9,27,-54,81]
[1,-2,3,-3,3,-9,27,-54,81]
[1,-2,3,-3,5,-9,27,-54,81]
[1,-2,3,-3,11,-9,27,-54,81]
[1,-2,3,-4,0,-12,27,-54,81]
[1,-2,3,-4,1,-12,27,-54,81]
[1,-2,3,-4,2,-12,27,-54,81]
[1,-2,3,-4,4,-12,27,-54,81]
[1,-2,3,-4,5,-12,27,-54,81]
[1,-2,3,-4,6,-12,27,-54,81]
[1,-2,3,-4,7,-12,27,-54,81]
[1,-2,3,-4,8,-12,27,-54,81]
[1,-2,3,-4,9,-12,27,-54,81]
[1,-2,3,-4,11,-12,27,-54,81]
[1,-2,3,-4,12,-12,27,-54,81]
[1,-2,3,-5,9,-15,27,-54,81]
[1,-2,3,-5,11,-15,27,-54,81]
[1,-2,3,-5,13,-15,27,-54,81]
[1,-2,3,-5,15,-15,27,-54,81]
[1,-2,3,-6,6,-18,27,-54,81]
[1,-2,3,-6,8,-18,27,-54,81]
[1,-2,3,-6,9,-18,27,-54,81]
[1,-2,3,-6,10,-18,27,-54,81]
[1,-2,3,-6,11,-18,27,-54,81]
[1,-2,3,-6,12,-18,27,-54,81]
[1,-2,3,-6,13,-18,27,-54,81]
[1,-2,3,-6,15,-18,27,-54,81]
[1,-2,3,-6,16,-18,27,-54,81]
[1,-2,3,-6,17,-18,27,-54,81]
[1,-2,3,-6,18,-18,27,-54,81]
[1,-2,3,-7,17,-21,27,-54,81]
[1,-2,3,-8,13,-24,27,-54,81]
[1,-2,3,-8,14,-24,27,-54,81]
[1,-2,3,-8,16,-24,27,-54,81]
[1,-2,3,-8,17,-24,27,-54,81]
[1,-2,3,-8,18,-24,27,-54,81]
[1,-2,3,-8,19,-24,27,-54,81]
[1,-2,3,-8,20,-24,27,-54,81]
[1,-2,3,-8,21,-24,27,-54,81]
[1,-2,3,-8,24,-24,27,-54,81]
[1,-2,3,-8,25,-24,27,-54,81]
[1,-2,3,-9,19,-27,27,-54,81]
[1,-2,3,-9,21,-27,27,-54,81]
[1,-2,3,2,-8,6,27,-54,81]
[1,-2,3,1,-7,3,27,-54,81]
[1,-2,3,2,-4,6,27,-54,81]
[1,-2,3,2,-5,6,27,-54,81]
[1,-2,3,2,-7,6,27,-54,81]
[1,-2,3,4,-7,12,27,-54,81]
[1,-2,3,4,-9,12,27,-54,81]
[1,-2,4,0,0,0,36,-54,81]
[1,-2,4,0,2,0,36,-54,81]
[1,-2,4,-1,2,-3,36,-54,81]
[1,-2,4,-2,2,-6,36,-54,81]
[1,-2,4,-2,4,-6,36,-54,81]
[1,-2,4,-2,6,-6,36,-54,81]
[1,-2,4,-3,2,-9,36,-54,81]
[1,-2,4,-3,6,-9,36,-54,81]
[1,-2,4,-3,10,-9,36,-54,81]
[1,-2,4,-4,2,-12,36,-54,81]
[1,-2,4,-4,4,-12,36,-54,81]
[1,-2,4,-4,6,-12,36,-54,81]
[1,-2,4,-4,10,-12,36,-54,81]
[1,-2,4,-4,12,-12,36,-54,81]
[1,-2,4,-5,4,-15,36,-54,81]
[1,-2,4,-5,6,-15,36,-54,81]
[1,-2,4,-5,8,-15,36,-54,81]
[1,-2,4,-5,10,-15,36,-54,81]
[1,-2,4,-5,12,-15,36,-54,81]
[1,-2,4,-5,14,-15,36,-54,81]
[1,-2,4,-6,4,-18,36,-54,81]
[1,-2,4,-6,6,-18,36,-54,81]
[1,-2,4,-6,8,-18,36,-54,81]
[1,-2,4,-6,10,-18,36,-54,81]
[1,-2,4,-6,12,-18,36,-54,81]
[1,-2,4,-6,14,-18,36,-54,81]
[1,-2,4,-6,16,-18,36,-54,81]
[1,-2,4,-6,18,-18,36,-54,81]
[1,-2,4,-7,10,-21,36,-54,81]
[1,-2,4,-7,14,-21,36,-54,81]
[1,-2,4,-7,16,-21,36,-54,81]
[1,-2,4,-7,18,-21,36,-54,81]
[1,-2,4,-8,8,-24,36,-54,81]
[1,-2,4,-8,10,-24,36,-54,81]
[1,-2,4,-8,12,-24,36,-54,81]
[1,-2,4,-8,14,-24,36,-54,81]
[1,-2,4,-8,16,-24,36,-54,81]
[1,-2,4,-8,18,-24,36,-54,81]
[1,-2,4,-8,20,-24,36,-54,81]
[1,-2,4,-8,22,-24,36,-54,81]
[1,-2,4,-9,12,-27,36,-54,81]
[1,-2,4,-9,14,-27,36,-54,81]
[1,-2,4,-9,16,-27,36,-54,81]
[1,-2,4,-9,18,-27,36,-54,81]
[1,-2,4,-10,14,-30,36,-54,81]
[1,-2,4,-10,16,-30,36,-54,81]
[1,-2,4,-10,18,-30,36,-54,81]
[1,-2,4,-10,20,-30,36,-54,81]
[1,-2,4,-10,22,-30,36,-54,81]
[1,-2,4,-11,18,-33,36,-54,81]
[1,-2,4,-11,22,-33,36,-54,81]
[1,-2,4,2,-4,6,36,-54,81]
[1,-2,5,-2,7,-6,45,-54,81]
[1,-2,5,-3,9,-9,45,-54,81]
[1,-2,5,-4,8,-12,45,-54,81]
[1,-2,5,-4,9,-12,45,-54,81]
[1,-2,5,-4,10,-12,45,-54,81]
[1,-2,5,-4,12,-12,45,-54,81]
[1,-2,5,-5,9,-15,45,-54,81]
[1,-2,5,-5,13,-15,45,-54,81]
[1,-2,5,-6,8,-18,45,-54,81]
[1,-2,5,-6,9,-18,45,-54,81]
[1,-2,5,-6,11,-18,45,-54,81]
[1,-2,5,-6,12,-18,45,-54,81]
[1,-2,5,-6,13,-18,45,-54,81]
[1,-2,5,-6,15,-18,45,-54,81]
[1,-2,5,-6,16,-18,45,-54,81]
[1,-2,5,-6,17,-18,45,-54,81]
[1,-2,5,-7,13,-21,45,-54,81]
[1,-2,5,-7,15,-21,45,-54,81]
[1,-2,5,-7,17,-21,45,-54,81]
[1,-2,5,-8,11,-24,45,-54,81]
[1,-2,5,-8,12,-24,45,-54,81]
[1,-2,5,-8,13,-24,45,-54,81]
[1,-2,5,-8,14,-24,45,-54,81]
[1,-2,5,-8,15,-24,45,-54,81]
[1,-2,5,-8,16,-24,45,-54,81]
[1,-2,5,-8,17,-24,45,-54,81]
[1,-2,5,-8,18,-24,45,-54,81]
[1,-2,5,-8,19,-24,45,-54,81]
[1,-2,5,-8,20,-24,45,-54,81]
[1,-2,5,-8,21,-24,45,-54,81]
[1,-2,5,-8,22,-24,45,-54,81]
[1,-2,5,-9,11,-27,45,-54,81]
[1,-2,5,-9,13,-27,45,-54,81]
[1,-2,5,-9,15,-27,45,-54,81]
[1,-2,5,-9,17,-27,45,-54,81]
[1,-2,5,-10,28,-30,45,-54,81]
[1,-2,5,-10,11,-30,45,-54,81]
[1,-2,5,-10,12,-30,45,-54,81]
[1,-2,5,-10,13,-30,45,-54,81]
[1,-2,5,-10,15,-30,45,-54,81]
[1,-2,5,-10,16,-30,45,-54,81]
[1,-2,5,-10,17,-30,45,-54,81]
[1,-2,5,-10,18,-30,45,-54,81]
[1,-2,5,-10,19,-30,45,-54,81]
[1,-2,5,-10,20,-30,45,-54,81]
[1,-2,5,-10,21,-30,45,-54,81]
[1,-2,5,-10,23,-30,45,-54,81]
[1,-2,5,-10,24,-30,45,-54,81]
[1,-2,5,-10,25,-30,45,-54,81]
[1,-2,5,-11,15,-33,45,-54,81]
[1,-2,5,-11,17,-33,45,-54,81]
[1,-2,5,-11,23,-33,45,-54,81]
[1,-2,5,-11,25,-33,45,-54,81]
[1,-2,5,-12,15,-36,45,-54,81]
[1,-2,5,-12,16,-36,45,-54,81]
[1,-2,5,-12,17,-36,45,-54,81]
[1,-2,5,-12,19,-36,45,-54,81]
[1,-2,5,-12,20,-36,45,-54,81]
[1,-2,5,-12,21,-36,45,-54,81]
[1,-2,5,-12,23,-36,45,-54,81]
[1,-2,5,-12,24,-36,45,-54,81]
[1,-2,6,-10,16,-30,54,-54,81]
[1,-2,5,-13,21,-39,45,-54,81]
[1,-2,6,-5,14,-15,54,-54,81]
[1,-2,6,-6,14,-18,54,-54,81]
[1,-2,6,-6,16,-18,54,-54,81]
[1,-2,6,-6,18,-18,54,-54,81]
[1,-2,6,-8,16,-24,54,-54,81]
[1,-2,6,-8,18,-24,54,-54,81]
[1,-2,6,-9,18,-27,54,-54,81]
[1,-2,6,-9,24,-27,54,-54,81]
[1,-2,6,-10,26,-30,54,-54,81]
[1,-2,6,-10,18,-30,54,-54,81]
[1,-2,6,-10,20,-30,54,-54,81]
[1,-2,6,-10,22,-30,54,-54,81]
[1,-2,6,-11,20,-33,54,-54,81]
[1,-2,6,-11,22,-33,54,-54,81]
[1,-2,6,-12,26,-36,54,-54,81]
[1,-2,6,-12,28,-36,54,-54,81]
[1,-2,6,-12,20,-36,54,-54,81]
[1,-2,6,-12,22,-36,54,-54,81]
[1,-2,6,-12,24,-36,54,-54,81]
[1,-2,6,-13,26,-39,54,-54,81]
[1,-2,6,-13,18,-39,54,-54,81]
[1,-2,6,-13,20,-39,54,-54,81]
[1,-2,6,-14,26,-42,54,-54,81]
[1,-2,6,-14,18,-42,54,-54,81]
[1,-2,6,-14,20,-42,54,-54,81]
[1,-2,6,-14,22,-42,54,-54,81]
[1,-2,6,-15,22,-45,54,-54,81]
[1,-2,7,-6,19,-18,63,-54,81]
[1,-2,7,-8,21,-24,63,-54,81]
[1,-2,7,-9,25,-27,63,-54,81]
[1,-2,7,-10,22,-30,63,-54,81]
[1,-2,7,-10,23,-30,63,-54,81]
[1,-2,7,-10,25,-30,63,-54,81]
[1,-2,7,-11,27,-33,63,-54,81]
[1,-2,7,-11,29,-33,63,-54,81]
[1,-2,7,-12,27,-36,63,-54,81]
[1,-2,7,-12,28,-36,63,-54,81]
[1,-2,7,-12,29,-36,63,-54,81]
[1,-2,7,-12,32,-36,63,-54,81]
[1,-2,7,-12,33,-36,63,-54,81]
[1,-2,7,-12,23,-36,63,-54,81]
[1,-2,7,-12,24,-36,63,-54,81]
[1,-2,7,-12,25,-36,63,-54,81]
[1,-2,7,-13,25,-39,63,-54,81]
[1,-2,7,-14,26,-42,63,-54,81]
[1,-2,7,-14,29,-42,63,-54,81]
[1,-2,7,-14,25,-42,63,-54,81]
[1,-2,7,-15,27,-45,63,-54,81]
[1,-2,7,-16,26,-48,63,-54,81]
[1,-2,7,-16,25,-48,63,-54,81]
[1,-3,3,-1,-1,-3,27,-81,81]
[1,-3,3,0,-4,0,27,-81,81]
[1,-3,3,-1,0,-3,27,-81,81]
[1,-3,3,-1,1,-3,27,-81,81]
[1,-3,3,-3,9,-9,27,-81,81]
[1,-3,3,-5,13,-15,27,-81,81]
[1,-3,3,-5,14,-15,27,-81,81]
[1,-3,3,-5,15,-15,27,-81,81]
[1,-3,3,-7,20,-21,27,-81,81]
[1,-3,3,-7,21,-21,27,-81,81]
[1,-3,3,1,-7,3,27,-81,81]
[1,-3,3,2,-10,6,27,-81,81]
[1,-3,3,3,-10,9,27,-81,81]
[1,-3,3,5,-16,15,27,-81,81]
[1,-3,3,5,-17,15,27,-81,81]
[1,-3,3,5,-21,15,27,-81,81]
[1,-3,4,0,-8,0,36,-81,81]
[1,-3,4,-2,0,-6,36,-81,81]
[1,-3,4,-2,-2,-6,36,-81,81]
[1,-3,4,-2,2,-6,36,-81,81]
[1,-3,4,-3,2,-9,36,-81,81]
[1,-3,4,-4,6,-12,36,-81,81]
[1,-3,4,-4,8,-12,36,-81,81]
[1,-3,4,-5,10,-15,36,-81,81]
[1,-3,4,-8,18,-24,36,-81,81]
[1,-3,4,-9,22,-27,36,-81,81]
[1,-3,4,-10,24,-30,36,-81,81]
[1,-3,4,1,-10,3,36,-81,81]
[1,-3,4,2,-12,6,36,-81,81]
[1,-3,5,-1,-2,-3,45,-81,81]
[1,-3,5,-1,-5,-3,45,-81,81]
[1,-3,5,-1,-6,-3,45,-81,81]
[1,-3,5,-2,0,-6,45,-81,81]
[1,-3,5,-3,0,-9,45,-81,81]
[1,-3,5,-3,-1,-9,45,-81,81]
[1,-3,5,-3,-3,-9,45,-81,81]
[1,-3,5,-3,1,-9,45,-81,81]
[1,-3,5,-3,3,-9,45,-81,81]
[1,-3,5,-4,2,-12,45,-81,81]
[1,-3,5,-5,3,-15,45,-81,81]
[1,-3,5,-5,4,-15,45,-81,81]
[1,-3,5,-5,5,-15,45,-81,81]
[1,-3,5,-5,7,-15,45,-81,81]
[1,-3,5,-5,8,-15,45,-81,81]
[1,-3,5,-5,9,-15,45,-81,81]
[1,-3,5,-6,8,-18,45,-81,81]
[1,-3,5,-6,12,-18,45,-81,81]
[1,-3,5,-7,8,-21,45,-81,81]
[1,-3,5,-7,9,-21,45,-81,81]
[1,-3,5,-7,11,-21,45,-81,81]
[1,-3,5,-7,12,-21,45,-81,81]
[1,-3,5,-7,13,-21,45,-81,81]
[1,-3,5,-8,14,-24,45,-81,81]
[1,-3,5,-9,15,-27,45,-81,81]
[1,-3,5,-9,16,-27,45,-81,81]
[1,-3,5,-9,17,-27,45,-81,81]
[1,-3,5,-9,18,-27,45,-81,81]
[1,-3,5,-9,19,-27,45,-81,81]
[1,-3,5,-9,21,-27,45,-81,81]
[1,-3,5,-10,20,-30,45,-81,81]
[1,-3,5,-11,26,-33,45,-81,81]
[1,-3,5,-11,23,-33,45,-81,81]
[1,-3,5,-12,26,-36,45,-81,81]
[1,-3,5,-12,30,-36,45,-81,81]
[1,-3,9,-16,30,-48,81,-81,81]
[1,-3,5,-13,29,-39,45,-81,81]
[1,-3,5,-13,31,-39,45,-81,81]
[1,-3,6,-9,18,-27,54,-81,81]
[1,-3,6,-5,6,-15,54,-81,81]
[1,-3,6,-6,6,-18,54,-81,81]
[1,-3,6,-6,8,-18,54,-81,81]
[1,-3,6,-8,8,-24,54,-81,81]
[1,-3,6,-8,10,-24,54,-81,81]
[1,-3,6,-8,16,-24,54,-81,81]
[1,-3,6,-9,14,-27,54,-81,81]
[1,-3,6,-10,12,-30,54,-81,81]
[1,-3,6,-10,14,-30,54,-81,81]
[1,-3,6,-10,18,-30,54,-81,81]
[1,-3,6,-11,18,-33,54,-81,81]
[1,-3,6,-11,22,-33,54,-81,81]
[1,-3,6,-12,26,-36,54,-81,81]
[1,-3,6,-12,20,-36,54,-81,81]
[1,-3,6,-12,22,-36,54,-81,81]
[1,-3,6,-12,24,-36,54,-81,81]
[1,-3,6,-13,26,-39,54,-81,81]
[1,-3,6,-14,26,-42,54,-81,81]
[1,-3,6,-14,28,-42,54,-81,81]
[1,-3,6,-14,30,-42,54,-81,81]
[1,-3,6,-14,32,-42,54,-81,81]
[1,-3,7,-6,10,-18,63,-81,81]
[1,-3,7,-7,11,-21,63,-81,81]
[1,-3,7,-9,14,-27,63,-81,81]
[1,-3,7,-9,15,-27,63,-81,81]
[1,-3,7,-9,16,-27,63,-81,81]
[1,-3,7,-10,18,-30,63,-81,81]
[1,-3,7,-11,16,-33,63,-81,81]
[1,-3,7,-11,17,-33,63,-81,81]
[1,-3,7,-11,20,-33,63,-81,81]
[1,-3,7,-11,21,-33,63,-81,81]
[1,-3,7,-12,16,-36,63,-81,81]
[1,-3,7,-12,20,-36,63,-81,81]
[1,-3,7,-12,24,-36,63,-81,81]
[1,-3,7,-13,26,-39,63,-81,81]
[1,-3,7,-13,27,-39,63,-81,81]
[1,-3,7,-13,28,-39,63,-81,81]
[1,-3,7,-13,19,-39,63,-81,81]
[1,-3,7,-13,21,-39,63,-81,81]
[1,-3,7,-13,22,-39,63,-81,81]
[1,-3,7,-13,23,-39,63,-81,81]
[1,-3,7,-13,24,-39,63,-81,81]
[1,-3,7,-14,26,-42,63,-81,81]
[1,-3,7,-14,30,-42,63,-81,81]
[1,-3,7,-14,22,-42,63,-81,81]
[1,-3,7,-15,27,-45,63,-81,81]
[1,-3,7,-15,28,-45,63,-81,81]
[1,-3,7,-15,29,-45,63,-81,81]
[1,-3,7,-15,30,-45,63,-81,81]
[1,-3,7,-15,31,-45,63,-81,81]
[1,-3,7,-15,32,-45,63,-81,81]
[1,-3,7,-15,33,-45,63,-81,81]
[1,-3,7,-15,25,-45,63,-81,81]
[1,-3,7,-16,28,-48,63,-81,81]
[1,-3,7,-16,32,-48,63,-81,81]
[1,-3,7,-17,32,-51,63,-81,81]
[1,-3,7,-17,33,-51,63,-81,81]
[1,-3,8,-12,22,-36,72,-81,81]
[1,-3,8,-13,26,-39,72,-81,81]
[1,-3,8,-14,26,-42,72,-81,81]
[1,-3,8,-14,28,-42,72,-81,81]
[1,-3,8,-15,26,-45,72,-81,81]
[1,-3,8,-16,26,-48,72,-81,81]
[1,-3,8,-16,32,-48,72,-81,81]
[1,-3,8,-17,30,-51,72,-81,81]
[1,-3,8,-17,34,-51,72,-81,81]
[1,-3,8,-18,30,-54,72,-81,81]
[1,-3,8,-18,34,-54,72,-81,81]
[1,-3,8,-18,36,-54,72,-81,81]
[1,-3,8,-19,34,-57,72,-81,81]
[1,-3,8,-20,36,-60,72,-81,81]
[1,-3,9,-13,27,-39,81,-81,81]
[1,-3,9,-15,31,-45,81,-81,81]
[1,-3,9,-16,34,-48,81,-81,81]
[1,-3,9,-17,34,-51,81,-81,81]
[1,-3,9,-17,35,-51,81,-81,81]
[1,-3,9,-17,36,-51,81,-81,81]
[1,-3,9,-19,33,-57,81,-81,81]
[1,-3,9,-19,34,-57,81,-81,81]
[1,-3,9,-19,35,-57,81,-81,81]
[1,-3,9,-19,36,-57,81,-81,81]
[1,-3,9,-19,37,-57,81,-81,81]
[1,-3,9,-19,39,-57,81,-81,81]
[1,-3,9,-20,38,-60,81,-81,81]
[1,-3,9,-21,37,-63,81,-81,81]
[1,-3,9,-20,42,-60,81,-81,81]
[1,-3,9,-21,35,-63,81,-81,81]
[1,-3,9,-21,38,-63,81,-81,81]
[1,-3,9,-23,39,-69,81,-81,81]
[1,-4,7,-2,-7,-6,63,-108,81]
[1,-4,7,-5,1,-15,63,-108,81]
[1,-4,7,-6,3,-18,63,-108,81]
[1,-4,7,-8,11,-24,63,-108,81]
[1,-4,7,-10,17,-30,63,-108,81]
[1,-4,7,-10,18,-30,63,-108,81]
[1,-4,7,-13,27,-39,63,-108,81]
[1,-4,8,-8,8,-24,72,-108,81]
[1,-4,8,-9,10,-27,72,-108,81]
[1,-4,8,-11,16,-33,72,-108,81]
[1,-4,8,-12,18,-36,72,-108,81]
[1,-4,8,-14,26,-42,72,-108,81]
[1,-4,8,-16,32,-48,72,-108,81]
[1,-4,8,-20,46,-60,72,-108,81]
[1,-4,9,-12,18,-36,81,-108,81]
[1,-4,9,-14,19,-42,81,-108,81]
[1,-4,9,-14,20,-42,81,-108,81]
[1,-4,9,-14,21,-42,81,-108,81]
[1,-4,9,-14,23,-42,81,-108,81]
[1,-4,9,-14,24,-42,81,-108,81]
[1,-4,9,-15,23,-45,81,-108,81]
[1,-4,9,-15,25,-45,81,-108,81]
[1,-4,9,-16,27,-48,81,-108,81]
[1,-4,9,-16,28,-48,81,-108,81]
[1,-4,9,-16,29,-48,81,-108,81]
[1,-4,9,-17,29,-51,81,-108,81]
[1,-4,9,-18,32,-54,81,-108,81]
[1,-4,9,-18,33,-54,81,-108,81]
[1,-4,9,-18,34,-54,81,-108,81]
[1,-4,9,-18,35,-54,81,-108,81]
[1,-4,9,-18,36,-54,81,-108,81]
[1,-4,9,-19,37,-57,81,-108,81]
[1,-4,9,-20,40,-60,81,-108,81]
[1,-4,9,-20,41,-60,81,-108,81]
[1,-4,9,-21,43,-63,81,-108,81]
[1,-4,10,-16,26,-48,90,-108,81]
[1,-4,10,-17,28,-51,90,-108,81]
[1,-4,10,-18,30,-54,90,-108,81]
[1,-4,10,-18,32,-54,90,-108,81]
[1,-4,10,-20,34,-60,90,-108,81]
[1,-4,10,-20,36,-60,90,-108,81]
[1,-4,10,-20,38,-60,90,-108,81]
[1,-4,10,-21,38,-63,90,-108,81]
[1,-4,10,-22,42,-66,90,-108,81]
[1,-4,10,-22,44,-66,90,-108,81]
[1,-4,10,-24,48,-72,90,-108,81]
[1,-4,11,-26,48,-78,99,-108,81]
[1,-4,11,-26,49,-78,99,-108,81]
[1,-4,11,-26,51,-78,99,-108,81]
[1,-4,11,-26,53,-78,99,-108,81]
[1,-4,11,-19,35,-57,99,-108,81]
[1,-4,11,-20,35,-60,99,-108,81]
[1,-4,11,-24,41,-72,99,-108,81]
[1,-4,11,-22,38,-66,99,-108,81]
[1,-4,11,-22,39,-66,99,-108,81]
[1,-4,11,-22,40,-66,99,-108,81]
[1,-4,11,-22,41,-66,99,-108,81]
[1,-4,11,-23,43,-69,99,-108,81]
[1,-4,11,-23,45,-69,99,-108,81]
[1,-4,11,-24,43,-72,99,-108,81]
[1,-4,11,-24,44,-72,99,-108,81]
[1,-4,11,-24,45,-72,99,-108,81]
[1,-4,11,-24,46,-72,99,-108,81]
[1,-4,11,-24,47,-72,99,-108,81]
[1,-4,11,-24,48,-72,99,-108,81]
[1,-4,11,-25,47,-75,99,-108,81]
[1,-4,11,-25,49,-75,99,-108,81]
[1,-4,12,-26,50,-78,108,-108,81]
[1,-4,13,-30,57,-90,117,-108,81]
[1,-4,12,-28,52,-84,108,-108,81]
[1,-4,12,-28,54,-84,108,-108,81]
[1,-4,12,-28,58,-84,108,-108,81]
[1,-4,12,-29,54,-87,108,-108,81]
[1,-4,12,-25,48,-75,108,-108,81]
[1,-4,13,-28,55,-84,117,-108,81]
[1,-4,13,-28,57,-84,117,-108,81]
[1,-4,13,-30,58,-90,117,-108,81]
[1,-4,13,-30,60,-90,117,-108,81]
[1,-4,13,-31,59,-93,117,-108,81]
[1,-4,13,-32,61,-96,117,-108,81]
[1,1,0,0,0,0,0,27,81]
[1,1,0,0,-2,0,0,27,81]
[1,1,0,0,-4,0,0,27,81]
[1,1,0,0,-6,0,0,27,81]
[1,1,0,0,2,0,0,27,81]
[1,1,0,0,4,0,0,27,81]
[1,1,0,0,6,0,0,27,81]
[1,1,0,-1,-2,-3,0,27,81]
[1,1,0,-1,-10,-3,0,27,81]
[1,1,0,-1,2,-3,0,27,81]
[1,1,0,-2,0,-6,0,27,81]
[1,1,0,-2,-2,-6,0,27,81]
[1,1,0,-2,-6,-6,0,27,81]
[1,1,0,-2,-8,-6,0,27,81]
[1,1,0,-2,-10,-6,0,27,81]
[1,1,0,-2,2,-6,0,27,81]
[1,1,0,-3,-2,-9,0,27,81]
[1,1,0,-3,-6,-9,0,27,81]
[1,1,0,-3,-10,-9,0,27,81]
[1,1,0,-3,2,-9,0,27,81]
[1,1,0,-4,0,-12,0,27,81]
[1,1,0,-4,-2,-12,0,27,81]
[1,1,0,-4,-6,-12,0,27,81]
[1,1,0,-4,-10,-12,0,27,81]
[1,1,0,-6,-6,-18,0,27,81]
[1,1,0,1,-2,3,0,27,81]
[1,1,0,1,2,3,0,27,81]
[1,1,0,1,6,3,0,27,81]
[1,1,0,1,10,3,0,27,81]
[1,1,0,2,0,6,0,27,81]
[1,1,0,2,2,6,0,27,81]
[1,1,0,2,4,6,0,27,81]
[1,1,0,2,6,6,0,27,81]
[1,1,0,2,8,6,0,27,81]
[1,1,0,2,10,6,0,27,81]
[1,1,0,2,14,6,0,27,81]
[1,1,0,3,6,9,0,27,81]
[1,1,0,3,10,9,0,27,81]
[1,1,0,4,10,12,0,27,81]
[1,1,0,4,12,12,0,27,81]
[1,1,0,4,14,12,0,27,81]
[1,1,-1,0,0,0,-9,27,81]
[1,1,-1,0,4,0,-9,27,81]
[1,1,-1,0,8,0,-9,27,81]
[1,1,-1,0,12,0,-9,27,81]
[1,1,-1,-1,0,-3,-9,27,81]
[1,1,-1,-1,-1,-3,-9,27,81]
[1,1,-1,-1,-3,-3,-9,27,81]
[1,1,-1,-1,2,-3,-9,27,81]
[1,1,-1,-1,3,-3,-9,27,81]
[1,1,-1,-1,4,-3,-9,27,81]
[1,1,-1,-1,6,-3,-9,27,81]
[1,1,-1,-1,7,-3,-9,27,81]
[1,1,-1,-1,8,-3,-9,27,81]
[1,1,-1,-1,9,-3,-9,27,81]
[1,1,-1,-1,10,-3,-9,27,81]
[1,1,-1,-2,2,-6,-9,27,81]
[1,1,-1,-3,0,-9,-9,27,81]
[1,1,-1,-3,-1,-9,-9,27,81]
[1,1,-1,-3,-3,-9,-9,27,81]
[1,1,-1,-3,-4,-9,-9,27,81]
[1,1,-1,-3,-5,-9,-9,27,81]
[1,1,-1,-3,-7,-9,-9,27,81]
[1,1,-1,-3,-8,-9,-9,27,81]
[1,1,-1,-3,-11,-9,-9,27,81]
[1,1,-1,-3,1,-9,-9,27,81]
[1,1,-1,-3,2,-9,-9,27,81]
[1,1,-1,-3,3,-9,-9,27,81]
[1,1,-1,-4,-4,-12,-9,27,81]
[1,1,-1,-5,-1,-15,-9,27,81]
[1,1,-1,1,3,3,-9,27,81]
[1,1,-1,1,5,3,-9,27,81]
[1,1,-1,1,6,3,-9,27,81]
[1,1,-1,1,7,3,-9,27,81]
[1,1,-1,1,8,3,-9,27,81]
[1,1,-1,1,10,3,-9,27,81]
[1,1,-1,1,11,3,-9,27,81]
[1,1,-1,1,13,3,-9,27,81]
[1,1,-1,2,6,6,-9,27,81]
[1,1,-1,2,10,6,-9,27,81]
[1,1,-1,2,14,6,-9,27,81]
[1,1,-1,2,18,6,-9,27,81]
[1,1,-1,3,11,9,-9,27,81]
[1,1,-1,3,12,9,-9,27,81]
[1,1,-1,3,13,9,-9,27,81]
[1,1,-1,3,14,9,-9,27,81]
[1,1,-1,3,15,9,-9,27,81]
[1,1,-1,3,16,9,-9,27,81]
[1,1,-2,0,6,0,-18,27,81]
[1,1,-2,0,14,0,-18,27,81]
[1,1,-2,-1,10,-3,-18,27,81]
[1,1,-2,-2,2,-6,-18,27,81]
[1,1,-2,-2,6,-6,-18,27,81]
[1,1,-2,-3,2,-9,-18,27,81]
[1,1,-2,2,14,6,-18,27,81]
[1,1,1,0,-6,0,9,27,81]
[1,1,1,0,-10,0,9,27,81]
[1,1,1,0,2,0,9,27,81]
[1,1,1,0,6,0,9,27,81]
[1,1,1,0,10,0,9,27,81]
[1,1,1,-1,0,-3,9,27,81]
[1,1,1,-1,-1,-3,9,27,81]
[1,1,1,-1,-2,-3,9,27,81]
[1,1,1,-1,-4,-3,9,27,81]
[1,1,1,-1,-5,-3,9,27,81]
[1,1,1,-1,-8,-3,9,27,81]
[1,1,1,-1,-9,-3,9,27,81]
[1,1,1,-1,-12,-3,9,27,81]
[1,1,1,-1,1,-3,9,27,81]
[1,1,1,-1,2,-3,9,27,81]
[1,1,1,-1,3,-3,9,27,81]
[1,1,1,-1,4,-3,9,27,81]
[1,1,1,-1,5,-3,9,27,81]
[1,1,1,-1,6,-3,9,27,81]
[1,1,1,-1,7,-3,9,27,81]
[1,1,1,-2,0,-6,9,27,81]
[1,1,1,-2,-4,-6,9,27,81]
[1,1,1,-2,4,-6,9,27,81]
[1,1,1,-3,0,-9,9,27,81]
[1,1,1,-3,-1,-9,9,27,81]
[1,1,1,-3,-3,-9,9,27,81]
[1,1,1,-3,-4,-9,9,27,81]
[1,1,1,-3,-5,-9,9,27,81]
[1,1,1,-3,-6,-9,9,27,81]
[1,1,1,-3,-7,-9,9,27,81]
[1,1,1,-3,-9,-9,9,27,81]
[1,1,1,-3,-11,-9,9,27,81]
[1,1,1,-3,-12,-9,9,27,81]
[1,1,1,-3,1,-9,9,27,81]
[1,1,1,-4,-2,-12,9,27,81]
[1,1,1,-4,-6,-12,9,27,81]
[1,1,1,-4,-10,-12,9,27,81]
[1,1,1,-5,-2,-15,9,27,81]
[1,1,1,-5,-5,-15,9,27,81]
[1,1,1,-5,-7,-15,9,27,81]
[1,1,1,-5,-8,-15,9,27,81]
[1,1,1,-5,-9,-15,9,27,81]
[1,1,1,-5,-12,-15,9,27,81]
[1,1,1,-5,-13,-15,9,27,81]
[1,1,1,-5,-15,-15,9,27,81]
[1,1,1,-6,-8,-18,9,27,81]
[1,1,1,1,0,3,9,27,81]
[1,1,1,1,-1,3,9,27,81]
[1,1,1,1,-3,3,9,27,81]
[1,1,1,1,-4,3,9,27,81]
[1,1,1,1,-5,3,9,27,81]
[1,1,1,1,1,3,9,27,81]
[1,1,1,1,2,3,9,27,81]
[1,1,1,1,3,3,9,27,81]
[1,1,1,1,4,3,9,27,81]
[1,1,1,1,5,3,9,27,81]
[1,1,1,1,6,3,9,27,81]
[1,1,1,1,7,3,9,27,81]
[1,1,1,1,9,3,9,27,81]
[1,1,1,1,11,3,9,27,81]
[1,1,1,1,12,3,9,27,81]
[1,1,1,2,0,6,9,27,81]
[1,1,1,2,4,6,9,27,81]
[1,1,1,2,8,6,9,27,81]
[1,1,1,2,12,6,9,27,81]
[1,1,1,3,-1,9,9,27,81]
[1,1,1,3,-2,9,9,27,81]
[1,1,1,3,1,9,9,27,81]
[1,1,1,3,2,9,9,27,81]
[1,1,1,3,3,9,9,27,81]
[1,1,1,3,4,9,9,27,81]
[1,1,1,3,5,9,9,27,81]
[1,1,1,3,6,9,9,27,81]
[1,1,1,3,8,9,9,27,81]
[1,1,1,3,9,9,9,27,81]
[1,1,1,3,10,9,9,27,81]
[1,1,1,3,11,9,9,27,81]
[1,1,1,3,12,9,9,27,81]
[1,1,1,3,13,9,9,27,81]
[1,1,1,3,14,9,9,27,81]
[1,1,1,3,15,9,9,27,81]
[1,1,1,3,16,9,9,27,81]
[1,1,1,3,17,9,9,27,81]
[1,1,1,4,6,12,9,27,81]
[1,1,1,4,10,12,9,27,81]
[1,1,1,4,14,12,9,27,81]
[1,1,1,5,4,15,9,27,81]
[1,1,1,5,5,15,9,27,81]
[1,1,1,5,6,15,9,27,81]
[1,1,1,5,7,15,9,27,81]
[1,1,1,5,9,15,9,27,81]
[1,1,1,5,10,15,9,27,81]
[1,1,1,5,11,15,9,27,81]
[1,1,1,5,12,15,9,27,81]
[1,1,1,5,13,15,9,27,81]
[1,1,1,5,14,15,9,27,81]
[1,1,1,5,15,15,9,27,81]
[1,1,1,6,8,18,9,27,81]
[1,1,1,6,12,18,9,27,81]
[1,1,1,7,11,21,9,27,81]
[1,1,2,0,0,0,18,27,81]
[1,1,2,0,-4,0,18,27,81]
[1,1,2,0,-6,0,18,27,81]
[1,1,2,0,2,0,18,27,81]
[1,1,2,0,4,0,18,27,81]
[1,1,2,0,6,0,18,27,81]
[1,1,2,0,8,0,18,27,81]
[1,1,2,0,10,0,18,27,81]
[1,1,2,-1,-2,-3,18,27,81]
[1,1,2,-1,-6,-3,18,27,81]
[1,1,2,-1,2,-3,18,27,81]
[1,1,2,-1,6,-3,18,27,81]
[1,1,2,-2,-2,-6,18,27,81]
[1,1,2,-2,-6,-6,18,27,81]
[1,1,2,-2,-8,-6,18,27,81]
[1,1,2,-2,4,-6,18,27,81]
[1,1,2,-3,-2,-9,18,27,81]
[1,1,2,-3,-6,-9,18,27,81]
[1,1,2,-3,2,-9,18,27,81]
[1,1,2,-4,-2,-12,18,27,81]
[1,1,2,-4,-4,-12,18,27,81]
[1,1,2,-4,-10,-12,18,27,81]
[1,1,2,1,-2,3,18,27,81]
[1,1,2,1,-6,3,18,27,81]
[1,1,2,1,2,3,18,27,81]
[1,1,2,1,6,3,18,27,81]
[1,1,2,1,10,3,18,27,81]
[1,1,2,2,0,6,18,27,81]
[1,1,2,2,-2,6,18,27,81]
[1,1,2,2,-4,6,18,27,81]
[1,1,2,2,-6,6,18,27,81]
[1,1,2,2,2,6,18,27,81]
[1,1,2,2,4,6,18,27,81]
[1,1,2,2,6,6,18,27,81]
[1,1,2,2,8,6,18,27,81]
[1,1,2,2,10,6,18,27,81]
[1,1,2,2,12,6,18,27,81]
[1,1,2,3,-2,9,18,27,81]
[1,1,2,3,2,9,18,27,81]
[1,1,2,3,6,9,18,27,81]
[1,1,2,3,10,9,18,27,81]
[1,1,2,4,0,12,18,27,81]
[1,1,2,4,-2,12,18,27,81]
[1,1,2,4,2,12,18,27,81]
[1,1,2,4,4,12,18,27,81]
[1,1,2,4,6,12,18,27,81]
[1,1,2,4,8,12,18,27,81]
[1,1,2,4,10,12,18,27,81]
[1,1,2,4,12,12,18,27,81]
[1,1,2,4,14,12,18,27,81]
[1,1,2,4,18,12,18,27,81]
[1,1,2,5,-2,15,18,27,81]
[1,1,2,5,2,15,18,27,81]
[1,1,2,5,6,15,18,27,81]
[1,1,2,5,10,15,18,27,81]
[1,1,2,5,14,15,18,27,81]
[1,1,2,6,2,18,18,27,81]
[1,1,2,6,8,18,18,27,81]
[1,1,2,6,10,18,18,27,81]
[1,1,2,6,12,18,18,27,81]
[1,1,2,6,14,18,18,27,81]
[1,1,2,7,6,21,18,27,81]
[1,1,2,7,10,21,18,27,81]
[1,1,3,0,4,0,27,27,81]
[1,1,3,0,8,0,27,27,81]
[1,1,3,-1,-1,-3,27,27,81]
[1,1,3,-1,-2,-3,27,27,81]
[1,1,3,-1,1,-3,27,27,81]
[1,1,3,-1,2,-3,27,27,81]
[1,1,3,-1,4,-3,27,27,81]
[1,1,3,-1,5,-3,27,27,81]
[1,1,3,-1,7,-3,27,27,81]
[1,1,3,-2,2,-6,27,27,81]
[1,1,3,-2,6,-6,27,27,81]
[1,1,3,-3,0,-9,27,27,81]
[1,1,3,-3,-1,-9,27,27,81]
[1,1,3,-3,-2,-9,27,27,81]
[1,1,3,-3,-3,-9,27,27,81]
[1,1,3,-3,3,-9,27,27,81]
[1,1,3,-5,-3,-15,27,27,81]
[1,1,3,-5,-4,-15,27,27,81]
[1,1,3,1,1,3,27,27,81]
[1,1,3,1,3,3,27,27,81]
[1,1,3,1,4,3,27,27,81]
[1,1,3,1,5,3,27,27,81]
[1,1,3,1,6,3,27,27,81]
[1,1,3,1,7,3,27,27,81]
[1,1,3,1,9,3,27,27,81]
[1,1,3,1,10,3,27,27,81]
[1,1,3,1,11,3,27,27,81]
[1,1,3,1,12,3,27,27,81]
[1,1,3,2,2,6,27,27,81]
[1,1,3,2,6,6,27,27,81]
[1,1,3,2,10,6,27,27,81]
[1,1,3,2,14,6,27,27,81]
[1,1,3,3,0,9,27,27,81]
[1,1,3,3,1,9,27,27,81]
[1,1,3,3,2,9,27,27,81]
[1,1,3,3,3,9,27,27,81]
[1,1,3,3,4,9,27,27,81]
[1,1,3,3,5,9,27,27,81]
[1,1,3,3,6,9,27,27,81]
[1,1,3,3,7,9,27,27,81]
[1,1,3,3,8,9,27,27,81]
[1,1,3,3,9,9,27,27,81]
[1,1,3,3,11,9,27,27,81]
[1,1,3,3,12,9,27,27,81]
[1,1,3,3,13,9,27,27,81]
[1,1,3,3,15,9,27,27,81]
[1,1,3,3,16,9,27,27,81]
[1,1,3,4,0,12,27,27,81]
[1,1,3,4,4,12,27,27,81]
[1,1,3,4,8,12,27,27,81]
[1,1,3,4,12,12,27,27,81]
[1,1,3,4,16,12,27,27,81]
[1,1,3,5,1,15,27,27,81]
[1,1,3,5,2,15,27,27,81]
[1,1,3,5,3,15,27,27,81]
[1,1,3,5,5,15,27,27,81]
[1,1,3,5,7,15,27,27,81]
[1,1,3,5,8,15,27,27,81]
[1,1,3,5,9,15,27,27,81]
[1,1,3,5,11,15,27,27,81]
[1,1,3,5,12,15,27,27,81]
[1,1,3,5,13,15,27,27,81]
[1,1,3,5,14,15,27,27,81]
[1,1,3,5,15,15,27,27,81]
[1,1,3,5,16,15,27,27,81]
[1,1,3,5,17,15,27,27,81]
[1,1,3,6,6,18,27,27,81]
[1,1,3,6,10,18,27,27,81]
[1,1,3,6,14,18,27,27,81]
[1,1,3,7,3,21,27,27,81]
[1,1,3,7,4,21,27,27,81]
[1,1,3,7,5,21,27,27,81]
[1,1,3,7,6,21,27,27,81]
[1,1,3,7,7,21,27,27,81]
[1,1,3,7,8,21,27,27,81]
[1,1,3,7,9,21,27,27,81]
[1,1,3,7,10,21,27,27,81]
[1,1,3,7,12,21,27,27,81]
[1,1,3,7,13,21,27,27,81]
[1,1,3,7,15,21,27,27,81]
[1,1,3,8,8,24,27,27,81]
[1,1,3,8,12,24,27,27,81]
[1,1,3,9,8,27,27,27,81]
[1,1,3,9,9,27,27,27,81]
[1,1,3,9,12,27,27,27,81]
[1,1,4,0,6,0,36,27,81]
[1,1,4,0,10,0,36,27,81]
[1,1,4,-1,6,-3,36,27,81]
[1,1,4,-2,4,-6,36,27,81]
[1,1,4,-3,6,-9,36,27,81]
[1,1,4,1,6,3,36,27,81]
[1,1,4,2,6,6,36,27,81]
[1,1,4,2,10,6,36,27,81]
[1,1,4,2,12,6,36,27,81]
[1,1,4,2,14,6,36,27,81]
[1,1,4,3,6,9,36,27,81]
[1,1,4,3,10,9,36,27,81]
[1,1,4,3,14,9,36,27,81]
[1,1,4,4,10,12,36,27,81]
[1,1,4,4,12,12,36,27,81]
[1,1,4,4,16,12,36,27,81]
[1,1,4,4,18,12,36,27,81]
[1,1,4,5,10,15,36,27,81]
[1,1,4,5,14,15,36,27,81]
[1,1,4,6,8,18,36,27,81]
[1,1,4,6,10,18,36,27,81]
[1,1,4,6,12,18,36,27,81]
[1,1,4,6,14,18,36,27,81]
[1,1,4,6,18,18,36,27,81]
[1,1,4,6,20,18,36,27,81]
[1,1,4,7,14,21,36,27,81]
[1,1,4,8,8,24,36,27,81]
[1,1,4,8,10,24,36,27,81]
[1,1,4,8,16,24,36,27,81]
[1,1,4,9,6,27,36,27,81]
[1,1,4,10,8,30,36,27,81]
[1,1,4,10,10,30,36,27,81]
[1,1,4,10,14,30,36,27,81]
[1,1,5,-1,9,-3,45,27,81]
[1,1,5,1,11,3,45,27,81]
[1,1,5,1,13,3,45,27,81]
[1,1,5,1,14,3,45,27,81]
[1,1,5,1,15,3,45,27,81]
[1,1,5,2,12,6,45,27,81]
[1,1,5,2,16,6,45,27,81]
[1,1,5,3,11,9,45,27,81]
[1,1,5,3,12,9,45,27,81]
[1,1,5,3,15,9,45,27,81]
[1,1,5,3,16,9,45,27,81]
[1,1,5,3,17,9,45,27,81]
[1,1,5,3,18,9,45,27,81]
[1,1,5,3,19,9,45,27,81]
[1,1,5,4,18,12,45,27,81]
[1,1,5,5,15,15,45,27,81]
[1,1,5,5,16,15,45,27,81]
[1,1,5,5,18,15,45,27,81]
[1,1,5,5,19,15,45,27,81]
[1,1,5,5,21,15,45,27,81]
[1,1,5,6,12,18,45,27,81]
[1,1,5,6,16,18,45,27,81]
[1,1,5,6,20,18,45,27,81]
[1,1,5,7,13,21,45,27,81]
[1,1,5,7,14,21,45,27,81]
[1,1,5,7,15,21,45,27,81]
[1,1,5,7,16,21,45,27,81]
[1,1,5,7,18,21,45,27,81]
[1,1,5,7,19,21,45,27,81]
[1,1,5,7,20,21,45,27,81]
[1,1,5,8,14,24,45,27,81]
[1,1,5,8,18,24,45,27,81]
[1,1,5,9,13,27,45,27,81]
[1,1,5,9,15,27,45,27,81]
[1,1,5,9,17,27,45,27,81]
[1,1,5,9,18,27,45,27,81]
[1,1,5,10,16,30,45,27,81]
[1,1,5,11,13,33,45,27,81]
[1,1,5,11,15,33,45,27,81]
[1,2,0,0,4,0,0,54,81]
[1,2,0,0,6,0,0,54,81]
[1,2,0,-1,2,-3,0,54,81]
[1,2,0,-2,0,-6,0,54,81]
[1,2,0,-2,-4,-6,0,54,81]
[1,2,0,-2,2,-6,0,54,81]
[1,2,0,-3,-6,-9,0,54,81]
[1,2,0,-4,-4,-12,0,54,81]
[1,2,0,-6,-14,-18,0,54,81]
[1,2,0,1,10,3,0,54,81]
[1,2,0,2,10,6,0,54,81]
[1,2,0,2,12,6,0,54,81]
[1,2,0,4,18,12,0,54,81]
[1,2,0,4,20,12,0,54,81]
[1,2,1,0,0,0,9,54,81]
[1,2,1,0,2,0,9,54,81]
[1,2,1,0,4,0,9,54,81]
[1,2,1,0,5,0,9,54,81]
[1,2,1,-2,0,-6,9,54,81]
[1,2,1,-2,-1,-6,9,54,81]
[1,2,1,-2,-4,-6,9,54,81]
[1,2,1,-2,-5,-6,9,54,81]
[1,2,1,-2,-7,-6,9,54,81]
[1,2,1,-2,-9,-6,9,54,81]
[1,2,1,-4,-7,-12,9,54,81]
[1,2,1,-4,-12,-12,9,54,81]
[1,2,1,-4,-13,-12,9,54,81]
[1,2,1,-5,-11,-15,9,54,81]
[1,2,1,-5,-17,-15,9,54,81]
[1,2,1,-6,-13,-18,9,54,81]
[1,2,1,-6,-16,-18,9,54,81]
[1,2,1,-6,-20,-18,9,54,81]
[1,2,1,-8,-16,-24,9,54,81]
[1,2,1,1,3,3,9,54,81]
[1,2,1,1,5,3,9,54,81]
[1,2,1,2,4,6,9,54,81]
[1,2,1,2,6,6,9,54,81]
[1,2,1,2,7,6,9,54,81]
[1,2,1,2,8,6,9,54,81]
[1,2,1,2,9,6,9,54,81]
[1,2,1,2,11,6,9,54,81]
[1,2,1,3,9,9,9,54,81]
[1,2,1,3,13,9,9,54,81]
[1,2,1,4,12,12,9,54,81]
[1,2,1,4,13,12,9,54,81]
[1,2,1,4,16,12,9,54,81]
[1,2,1,5,19,15,9,54,81]
[1,2,1,6,20,18,9,54,81]
[1,2,1,6,21,18,9,54,81]
[1,2,2,0,0,0,18,54,81]
[1,2,2,0,-2,0,18,54,81]
[1,2,2,0,-4,0,18,54,81]
[1,2,2,0,-6,0,18,54,81]
[1,2,2,0,-8,0,18,54,81]
[1,2,2,0,2,0,18,54,81]
[1,2,2,0,4,0,18,54,81]
[1,2,2,-1,-2,-3,18,54,81]
[1,2,2,-1,-8,-3,18,54,81]
[1,2,2,-1,-10,-3,18,54,81]
[1,2,2,-2,-2,-6,18,54,81]
[1,2,2,-2,-6,-6,18,54,81]
[1,2,2,-2,-8,-6,18,54,81]
[1,2,2,-2,-10,-6,18,54,81]
[1,2,2,-2,-14,-6,18,54,81]
[1,2,2,-3,-10,-9,18,54,81]
[1,2,2,-4,-8,-12,18,54,81]
[1,2,2,-4,-10,-12,18,54,81]
[1,2,2,-4,-16,-12,18,54,81]
[1,2,2,-6,-14,-18,18,54,81]
[1,2,2,-6,-16,-18,18,54,81]
[1,2,2,1,-2,3,18,54,81]
[1,2,2,1,2,3,18,54,81]
[1,2,2,1,6,3,18,54,81]
[1,2,2,2,-2,6,18,54,81]
[1,2,2,2,2,6,18,54,81]
[1,2,2,2,4,6,18,54,81]
[1,2,2,2,6,6,18,54,81]
[1,2,2,2,8,6,18,54,81]
[1,2,2,2,10,6,18,54,81]
[1,2,2,3,2,9,18,54,81]
[1,2,2,3,4,9,18,54,81]
[1,2,2,3,8,9,18,54,81]
[1,2,2,3,10,9,18,54,81]
[1,2,2,4,6,12,18,54,81]
[1,2,2,4,8,12,18,54,81]
[1,2,2,4,10,12,18,54,81]
[1,2,2,4,12,12,18,54,81]
[1,2,2,4,14,12,18,54,81]
[1,2,2,5,10,15,18,54,81]
[1,2,2,5,14,15,18,54,81]
[1,2,2,5,18,15,18,54,81]
[1,2,2,6,14,18,18,54,81]
[1,2,2,6,16,18,18,54,81]
[1,2,2,6,18,18,18,54,81]
[1,2,2,7,18,21,18,54,81]
[1,2,2,8,20,24,18,54,81]
[1,2,2,8,22,24,18,54,81]
[1,2,3,0,0,0,27,54,81]
[1,2,3,0,-3,0,27,54,81]
[1,2,3,0,-4,0,27,54,81]
[1,2,3,0,-6,0,27,54,81]
[1,2,3,0,-7,0,27,54,81]
[1,2,3,0,1,0,27,54,81]
[1,2,3,0,3,0,27,54,81]
[1,2,3,-1,-7,-3,27,54,81]
[1,2,3,-2,-4,-6,27,54,81]
[1,2,3,-2,-5,-6,27,54,81]
[1,2,3,-2,-7,-6,27,54,81]
[1,2,3,-2,-8,-6,27,54,81]
[1,2,3,-4,-7,-12,27,54,81]
[1,2,3,-4,-9,-12,27,54,81]
[1,2,3,1,1,3,27,54,81]
[1,2,3,1,3,3,27,54,81]
[1,2,3,1,5,3,27,54,81]
[1,2,3,2,0,6,27,54,81]
[1,2,3,2,-4,6,27,54,81]
[1,2,3,2,-5,6,27,54,81]
[1,2,3,2,1,6,27,54,81]
[1,2,3,2,2,6,27,54,81]
[1,2,3,2,3,6,27,54,81]
[1,2,3,2,4,6,27,54,81]
[1,2,3,2,7,6,27,54,81]
[1,2,3,2,8,6,27,54,81]
[1,2,3,3,-1,9,27,54,81]
[1,2,3,3,3,9,27,54,81]
[1,2,3,3,5,9,27,54,81]
[1,2,3,3,11,9,27,54,81]
[1,2,3,4,0,12,27,54,81]
[1,2,3,4,1,12,27,54,81]
[1,2,3,4,2,12,27,54,81]
[1,2,3,4,4,12,27,54,81]
[1,2,3,4,5,12,27,54,81]
[1,2,3,4,6,12,27,54,81]
[1,2,3,4,7,12,27,54,81]
[1,2,3,4,8,12,27,54,81]
[1,2,3,4,9,12,27,54,81]
[1,2,3,4,11,12,27,54,81]
[1,2,3,4,12,12,27,54,81]
[1,2,3,5,9,15,27,54,81]
[1,2,3,5,11,15,27,54,81]
[1,2,3,5,13,15,27,54,81]
[1,2,3,5,15,15,27,54,81]
[1,2,3,6,6,18,27,54,81]
[1,2,3,6,8,18,27,54,81]
[1,2,3,6,9,18,27,54,81]
[1,2,3,6,10,18,27,54,81]
[1,2,3,6,11,18,27,54,81]
[1,2,3,6,12,18,27,54,81]
[1,2,3,6,13,18,27,54,81]
[1,2,3,6,15,18,27,54,81]
[1,2,3,6,16,18,27,54,81]
[1,2,3,6,17,18,27,54,81]
[1,2,3,6,18,18,27,54,81]
[1,2,3,7,17,21,27,54,81]
[1,2,3,8,13,24,27,54,81]
[1,2,3,8,14,24,27,54,81]
[1,2,3,8,16,24,27,54,81]
[1,2,3,8,17,24,27,54,81]
[1,2,3,8,18,24,27,54,81]
[1,2,3,8,19,24,27,54,81]
[1,2,3,8,20,24,27,54,81]
[1,2,3,8,21,24,27,54,81]
[1,2,3,8,24,24,27,54,81]
[1,2,3,8,25,24,27,54,81]
[1,2,3,9,19,27,27,54,81]
[1,2,3,9,21,27,27,54,81]
[1,2,4,0,0,0,36,54,81]
[1,2,4,0,2,0,36,54,81]
[1,2,4,-2,-4,-6,36,54,81]
[1,2,4,1,2,3,36,54,81]
[1,2,4,2,6,6,36,54,81]
[1,2,4,3,6,9,36,54,81]
[1,2,4,2,2,6,36,54,81]
[1,2,4,2,4,6,36,54,81]
[1,2,4,3,2,9,36,54,81]
[1,2,4,3,10,9,36,54,81]
[1,2,4,4,2,12,36,54,81]
[1,2,4,4,4,12,36,54,81]
[1,2,4,4,6,12,36,54,81]
[1,2,4,4,10,12,36,54,81]
[1,2,4,4,12,12,36,54,81]
[1,2,4,5,4,15,36,54,81]
[1,2,4,5,6,15,36,54,81]
[1,2,4,5,8,15,36,54,81]
[1,2,4,5,10,15,36,54,81]
[1,2,4,5,12,15,36,54,81]
[1,2,4,5,14,15,36,54,81]
[1,2,4,6,4,18,36,54,81]
[1,2,4,6,6,18,36,54,81]
[1,2,4,6,8,18,36,54,81]
[1,2,4,6,10,18,36,54,81]
[1,2,4,6,12,18,36,54,81]
[1,2,4,6,14,18,36,54,81]
[1,2,4,6,16,18,36,54,81]
[1,2,4,6,18,18,36,54,81]
[1,2,4,7,10,21,36,54,81]
[1,2,4,7,14,21,36,54,81]
[1,2,4,7,16,21,36,54,81]
[1,2,4,7,18,21,36,54,81]
[1,2,4,8,8,24,36,54,81]
[1,2,4,8,10,24,36,54,81]
[1,2,4,8,12,24,36,54,81]
[1,2,4,8,14,24,36,54,81]
[1,2,4,8,16,24,36,54,81]
[1,2,4,8,18,24,36,54,81]
[1,2,4,8,20,24,36,54,81]
[1,2,4,8,22,24,36,54,81]
[1,2,4,9,12,27,36,54,81]
[1,2,4,9,14,27,36,54,81]
[1,2,4,9,16,27,36,54,81]
[1,2,4,9,18,27,36,54,81]
[1,2,4,10,14,30,36,54,81]
[1,2,4,10,16,30,36,54,81]
[1,2,4,10,18,30,36,54,81]
[1,2,4,10,20,30,36,54,81]
[1,2,4,10,22,30,36,54,81]
[1,2,4,11,18,33,36,54,81]
[1,2,4,11,22,33,36,54,81]
[1,2,5,2,7,6,45,54,81]
[1,2,5,3,9,9,45,54,81]
[1,2,5,4,8,12,45,54,81]
[1,2,5,4,9,12,45,54,81]
[1,2,5,4,10,12,45,54,81]
[1,2,5,4,12,12,45,54,81]
[1,2,5,5,9,15,45,54,81]
[1,2,5,5,13,15,45,54,81]
[1,2,5,6,8,18,45,54,81]
[1,2,5,6,9,18,45,54,81]
[1,2,5,6,11,18,45,54,81]
[1,2,5,6,12,18,45,54,81]
[1,2,5,6,13,18,45,54,81]
[1,2,5,6,15,18,45,54,81]
[1,2,5,6,16,18,45,54,81]
[1,2,5,6,17,18,45,54,81]
[1,2,5,7,13,21,45,54,81]
[1,2,5,7,15,21,45,54,81]
[1,2,5,7,17,21,45,54,81]
[1,2,5,8,11,24,45,54,81]
[1,2,5,8,12,24,45,54,81]
[1,2,5,8,13,24,45,54,81]
[1,2,5,8,14,24,45,54,81]
[1,2,5,8,15,24,45,54,81]
[1,2,5,8,16,24,45,54,81]
[1,2,5,8,17,24,45,54,81]
[1,2,5,8,18,24,45,54,81]
[1,2,5,8,19,24,45,54,81]
[1,2,5,8,20,24,45,54,81]
[1,2,5,8,21,24,45,54,81]
[1,2,5,8,22,24,45,54,81]
[1,2,5,9,11,27,45,54,81]
[1,2,5,9,13,27,45,54,81]
[1,2,5,9,15,27,45,54,81]
[1,2,5,9,17,27,45,54,81]
[1,2,5,10,28,30,45,54,81]
[1,2,5,10,11,30,45,54,81]
[1,2,5,10,12,30,45,54,81]
[1,2,5,10,13,30,45,54,81]
[1,2,5,10,15,30,45,54,81]
[1,2,5,10,16,30,45,54,81]
[1,2,5,10,17,30,45,54,81]
[1,2,5,10,18,30,45,54,81]
[1,2,5,10,19,30,45,54,81]
[1,2,5,10,20,30,45,54,81]
[1,2,5,10,21,30,45,54,81]
[1,2,5,10,23,30,45,54,81]
[1,2,5,10,24,30,45,54,81]
[1,2,5,10,25,30,45,54,81]
[1,2,5,11,15,33,45,54,81]
[1,2,5,11,17,33,45,54,81]
[1,2,5,11,23,33,45,54,81]
[1,2,5,11,25,33,45,54,81]
[1,2,5,12,15,36,45,54,81]
[1,2,5,12,16,36,45,54,81]
[1,2,5,12,17,36,45,54,81]
[1,2,5,12,19,36,45,54,81]
[1,2,5,12,20,36,45,54,81]
[1,2,5,12,21,36,45,54,81]
[1,2,5,12,23,36,45,54,81]
[1,2,5,12,24,36,45,54,81]
[1,2,5,13,21,39,45,54,81]
[1,2,6,5,14,15,54,54,81]
[1,2,6,6,14,18,54,54,81]
[1,2,6,6,16,18,54,54,81]
[1,2,6,6,18,18,54,54,81]
[1,2,6,8,16,24,54,54,81]
[1,2,6,8,18,24,54,54,81]
[1,2,6,9,18,27,54,54,81]
[1,2,6,9,24,27,54,54,81]
[1,2,6,10,26,30,54,54,81]
[1,2,6,10,16,30,54,54,81]
[1,2,6,10,18,30,54,54,81]
[1,2,6,10,20,30,54,54,81]
[1,2,6,10,22,30,54,54,81]
[1,2,6,11,20,33,54,54,81]
[1,2,6,11,22,33,54,54,81]
[1,2,6,12,26,36,54,54,81]
[1,2,6,12,28,36,54,54,81]
[1,2,6,12,20,36,54,54,81]
[1,2,6,12,22,36,54,54,81]
[1,2,6,12,24,36,54,54,81]
[1,2,6,13,26,39,54,54,81]
[1,2,6,13,18,39,54,54,81]
[1,2,6,13,20,39,54,54,81]
[1,2,6,14,26,42,54,54,81]
[1,2,6,14,18,42,54,54,81]
[1,2,6,14,20,42,54,54,81]
[1,2,6,14,22,42,54,54,81]
[1,2,6,15,22,45,54,54,81]
[1,2,7,6,19,18,63,54,81]
[1,2,7,8,21,24,63,54,81]
[1,2,7,9,25,27,63,54,81]
[1,2,7,10,22,30,63,54,81]
[1,2,7,10,23,30,63,54,81]
[1,2,7,10,25,30,63,54,81]
[1,2,7,11,27,33,63,54,81]
[1,2,7,11,29,33,63,54,81]
[1,2,7,12,27,36,63,54,81]
[1,2,7,12,28,36,63,54,81]
[1,2,7,12,29,36,63,54,81]
[1,2,7,12,32,36,63,54,81]
[1,2,7,12,33,36,63,54,81]
[1,2,7,12,23,36,63,54,81]
[1,2,7,12,24,36,63,54,81]
[1,2,7,12,25,36,63,54,81]
[1,2,7,13,25,39,63,54,81]
[1,2,7,14,26,42,63,54,81]
[1,2,7,14,29,42,63,54,81]
[1,2,7,14,25,42,63,54,81]
[1,2,7,15,27,45,63,54,81]
[1,2,7,16,26,48,63,54,81]
[1,2,7,16,25,48,63,54,81]
[1,3,3,0,0,0,27,81,81]
[1,3,3,0,-4,0,27,81,81]
[1,3,3,-1,-7,-3,27,81,81]
[1,3,3,-2,-10,-6,27,81,81]
[1,3,3,-3,-10,-9,27,81,81]
[1,3,3,-5,-16,-15,27,81,81]
[1,3,3,-5,-17,-15,27,81,81]
[1,3,3,-5,-21,-15,27,81,81]
[1,3,3,1,0,3,27,81,81]
[1,3,3,1,-1,3,27,81,81]
[1,3,3,1,1,3,27,81,81]
[1,3,3,3,9,9,27,81,81]
[1,3,3,5,13,15,27,81,81]
[1,3,3,5,14,15,27,81,81]
[1,3,3,5,15,15,27,81,81]
[1,3,3,7,20,21,27,81,81]
[1,3,3,7,21,21,27,81,81]
[1,3,4,0,-8,0,36,81,81]
[1,3,4,-1,-10,-3,36,81,81]
[1,3,4,-2,-12,-6,36,81,81]
[1,3,4,2,0,6,36,81,81]
[1,3,4,2,-2,6,36,81,81]
[1,3,4,2,2,6,36,81,81]
[1,3,4,3,2,9,36,81,81]
[1,3,4,4,6,12,36,81,81]
[1,3,4,4,8,12,36,81,81]
[1,3,4,5,10,15,36,81,81]
[1,3,4,8,18,24,36,81,81]
[1,3,4,9,22,27,36,81,81]
[1,3,4,10,24,30,36,81,81]
[1,3,5,1,-2,3,45,81,81]
[1,3,5,1,-5,3,45,81,81]
[1,3,5,1,-6,3,45,81,81]
[1,3,5,2,0,6,45,81,81]
[1,3,5,3,0,9,45,81,81]
[1,3,5,3,-1,9,45,81,81]
[1,3,5,3,-3,9,45,81,81]
[1,3,5,3,1,9,45,81,81]
[1,3,5,3,3,9,45,81,81]
[1,3,5,4,2,12,45,81,81]
[1,3,5,5,3,15,45,81,81]
[1,3,5,5,4,15,45,81,81]
[1,3,5,5,5,15,45,81,81]
[1,3,5,5,7,15,45,81,81]
[1,3,5,5,8,15,45,81,81]
[1,3,5,5,9,15,45,81,81]
[1,3,5,6,8,18,45,81,81]
[1,3,5,6,12,18,45,81,81]
[1,3,5,7,8,21,45,81,81]
[1,3,5,7,9,21,45,81,81]
[1,3,5,7,11,21,45,81,81]
[1,3,5,7,12,21,45,81,81]
[1,3,5,7,13,21,45,81,81]
[1,3,5,8,14,24,45,81,81]
[1,3,5,9,15,27,45,81,81]
[1,3,5,9,16,27,45,81,81]
[1,3,5,9,17,27,45,81,81]
[1,3,5,9,18,27,45,81,81]
[1,3,5,9,19,27,45,81,81]
[1,3,5,9,21,27,45,81,81]
[1,3,5,10,20,30,45,81,81]
[1,3,5,11,26,33,45,81,81]
[1,3,5,11,23,33,45,81,81]
[1,3,5,12,26,36,45,81,81]
[1,3,5,12,30,36,45,81,81]
[1,3,5,13,29,39,45,81,81]
[1,3,5,13,31,39,45,81,81]
[1,3,6,5,6,15,54,81,81]
[1,3,6,6,6,18,54,81,81]
[1,3,6,6,8,18,54,81,81]
[1,3,6,8,8,24,54,81,81]
[1,3,6,8,10,24,54,81,81]
[1,3,6,8,16,24,54,81,81]
[1,3,6,9,14,27,54,81,81]
[1,3,6,9,18,27,54,81,81]
[1,3,6,10,12,30,54,81,81]
[1,3,6,10,14,30,54,81,81]
[1,3,6,10,18,30,54,81,81]
[1,3,6,11,18,33,54,81,81]
[1,3,6,11,22,33,54,81,81]
[1,3,6,12,26,36,54,81,81]
[1,3,6,12,20,36,54,81,81]
[1,3,6,12,22,36,54,81,81]
[1,3,6,12,24,36,54,81,81]
[1,3,6,13,26,39,54,81,81]
[1,3,6,14,26,42,54,81,81]
[1,3,6,14,28,42,54,81,81]
[1,3,6,14,30,42,54,81,81]
[1,3,6,14,32,42,54,81,81]
[1,3,7,6,10,18,63,81,81]
[1,3,7,7,11,21,63,81,81]
[1,3,7,9,14,27,63,81,81]
[1,3,7,9,15,27,63,81,81]
[1,3,7,9,16,27,63,81,81]
[1,3,7,10,18,30,63,81,81]
[1,3,7,11,16,33,63,81,81]
[1,3,7,11,17,33,63,81,81]
[1,3,7,11,20,33,63,81,81]
[1,3,7,11,21,33,63,81,81]
[1,3,7,12,16,36,63,81,81]
[1,3,7,12,20,36,63,81,81]
[1,3,7,12,24,36,63,81,81]
[1,3,7,13,26,39,63,81,81]
[1,3,7,13,27,39,63,81,81]
[1,3,7,13,28,39,63,81,81]
[1,3,7,13,19,39,63,81,81]
[1,3,7,13,21,39,63,81,81]
[1,3,7,13,22,39,63,81,81]
[1,3,7,13,23,39,63,81,81]
[1,3,7,13,24,39,63,81,81]
[1,3,7,14,26,42,63,81,81]
[1,3,7,14,30,42,63,81,81]
[1,3,7,14,22,42,63,81,81]
[1,3,7,15,27,45,63,81,81]
[1,3,7,15,28,45,63,81,81]
[1,3,7,15,29,45,63,81,81]
[1,3,7,15,30,45,63,81,81]
[1,3,7,15,31,45,63,81,81]
[1,3,7,15,32,45,63,81,81]
[1,3,7,15,33,45,63,81,81]
[1,3,7,15,25,45,63,81,81]
[1,3,7,16,28,48,63,81,81]
[1,3,7,16,32,48,63,81,81]
[1,3,7,17,32,51,63,81,81]
[1,3,7,17,33,51,63,81,81]
[1,3,8,12,22,36,72,81,81]
[1,3,8,13,26,39,72,81,81]
[1,3,8,14,26,42,72,81,81]
[1,3,8,14,28,42,72,81,81]
[1,3,8,15,26,45,72,81,81]
[1,3,8,16,26,48,72,81,81]
[1,3,8,16,32,48,72,81,81]
[1,3,8,17,30,51,72,81,81]
[1,3,8,17,34,51,72,81,81]
[1,3,8,18,30,54,72,81,81]
[1,3,8,18,34,54,72,81,81]
[1,3,8,18,36,54,72,81,81]
[1,3,8,19,34,57,72,81,81]
[1,3,8,20,36,60,72,81,81]
[1,3,9,13,27,39,81,81,81]
[1,3,9,15,31,45,81,81,81]
[1,3,9,16,30,48,81,81,81]
[1,3,9,16,34,48,81,81,81]
[1,3,9,17,34,51,81,81,81]
[1,3,9,17,35,51,81,81,81]
[1,3,9,17,36,51,81,81,81]
[1,3,9,18,36,54,81,81,81]
[1,3,9,19,33,57,81,81,81]
[1,3,9,19,34,57,81,81,81]
[1,3,9,19,35,57,81,81,81]
[1,3,9,19,36,57,81,81,81]
[1,3,9,19,37,57,81,81,81]
[1,3,9,19,39,57,81,81,81]
[1,3,9,20,38,60,81,81,81]
[1,3,9,20,42,60,81,81,81]
[1,3,9,21,35,63,81,81,81]
[1,3,9,21,37,63,81,81,81]
[1,3,9,21,38,63,81,81,81]
[1,3,9,23,39,69,81,81,81]
[1,4,7,2,-7,6,63,108,81]
[1,4,7,5,1,15,63,108,81]
[1,4,7,6,3,18,63,108,81]
[1,4,7,8,11,24,63,108,81]
[1,4,7,10,17,30,63,108,81]
[1,4,7,10,18,30,63,108,81]
[1,4,7,13,27,39,63,108,81]
[1,4,8,8,8,24,72,108,81]
[1,4,8,9,10,27,72,108,81]
[1,4,8,11,16,33,72,108,81]
[1,4,8,12,18,36,72,108,81]
[1,4,8,14,26,42,72,108,81]
[1,4,8,16,32,48,72,108,81]
[1,4,8,20,46,60,72,108,81]
[1,4,9,12,18,36,81,108,81]
[1,4,9,14,19,42,81,108,81]
[1,4,9,14,20,42,81,108,81]
[1,4,9,14,21,42,81,108,81]
[1,4,9,14,23,42,81,108,81]
[1,4,9,14,24,42,81,108,81]
[1,4,9,15,23,45,81,108,81]
[1,4,9,15,25,45,81,108,81]
[1,4,9,16,27,48,81,108,81]
[1,4,9,16,28,48,81,108,81]
[1,4,9,16,29,48,81,108,81]
[1,4,9,17,29,51,81,108,81]
[1,4,9,18,32,54,81,108,81]
[1,4,9,18,33,54,81,108,81]
[1,4,9,18,34,54,81,108,81]
[1,4,9,18,35,54,81,108,81]
[1,4,9,18,36,54,81,108,81]
[1,4,9,19,37,57,81,108,81]
[1,4,9,20,40,60,81,108,81]
[1,4,9,20,41,60,81,108,81]
[1,4,9,21,43,63,81,108,81]
[1,4,10,16,26,48,90,108,81]
[1,4,10,17,28,51,90,108,81]
[1,4,10,18,30,54,90,108,81]
[1,4,10,18,32,54,90,108,81]
[1,4,10,20,34,60,90,108,81]
[1,4,10,20,36,60,90,108,81]
[1,4,10,20,38,60,90,108,81]
[1,4,10,21,38,63,90,108,81]
[1,4,10,22,42,66,90,108,81]
[1,4,10,22,44,66,90,108,81]
[1,4,10,24,48,72,90,108,81]
[1,4,11,26,48,78,99,108,81]
[1,4,11,26,49,78,99,108,81]
[1,4,11,26,51,78,99,108,81]
[1,4,11,26,53,78,99,108,81]
[1,4,11,19,35,57,99,108,81]
[1,4,11,20,35,60,99,108,81]
[1,4,11,22,38,66,99,108,81]
[1,4,11,22,39,66,99,108,81]
[1,4,11,22,40,66,99,108,81]
[1,4,11,22,41,66,99,108,81]
[1,4,11,23,43,69,99,108,81]
[1,4,11,23,45,69,99,108,81]
[1,4,11,24,41,72,99,108,81]
[1,4,11,24,43,72,99,108,81]
[1,4,11,24,44,72,99,108,81]
[1,4,11,24,45,72,99,108,81]
[1,4,11,24,46,72,99,108,81]
[1,4,11,24,47,72,99,108,81]
[1,4,11,24,48,72,99,108,81]
[1,4,11,25,47,75,99,108,81]
[1,4,11,25,49,75,99,108,81]
[1,4,12,26,50,78,108,108,81]
[1,4,12,28,52,84,108,108,81]
[1,4,12,28,54,84,108,108,81]
[1,4,12,28,58,84,108,108,81]
[1,4,12,29,54,87,108,108,81]
[1,4,12,25,48,75,108,108,81]
[1,4,13,28,55,84,117,108,81]
[1,4,13,28,57,84,117,108,81]
[1,4,13,30,57,90,117,108,81]
[1,4,13,30,58,90,117,108,81]
[1,4,13,30,60,90,117,108,81]
[1,4,13,31,59,93,117,108,81]
[1,4,13,32,61,96,117,108,81]